1 0.0 0.0 0.0
2 0.0 0.0 0.0
3 0.0 0.0 0.0
4 0.0 0.0 0.0
5 0.0 0.0 0.0
6 0.0 0.0 0.0
7 0.0 0.0 0.0
8 0.0 0.0 0.0
9 0.0 0.0 0.0
10 0.0 0.0 0.0
11 0.0 0.0 0.0
12 0.0 0.0 0.0
13 0.0 0.0 0.0
14 0.0 0.0 0.0
15 0.0 0.0 0.0
16 0.0 0.0 0.0
17 0.0 0.0 0.0
18 0.0 0.0 0.0
19 0.0 0.0 0.0
20 0.0 0.0 0.0
21 0.0 0.0 0.0
22 0.0 0.0 0.0
23 0.0 0.0 0.0
24 0.0 0.0 0.0
25 0.0 0.0 0.0
26 0.0 0.0 0.0
27 0.0 0.0 0.0
28 0.0 0.0 0.0
29 0.0 0.0 0.0
30 0.0 0.0 0.0
31 0.0 0.0 0.0
32 0.0 0.0 0.0
33 0.0 0.0 0.0
34 0.0 0.0 0.0
35 0.0 0.0 0.0
36 0.0 0.0 0.0
37 0.0 0.0 0.0
38 0.0 0.0 0.0
39 0.0 0.0 0.0
40 0.0 0.0 0.0
41 0.0 0.0 0.0
42 0.0 0.0 0.0
43 0.0 0.0 0.0
44 0.0 0.0 0.0
45 0.0 0.0 0.0
46 0.0 0.0 0.0
47 0.0 0.0 0.0
48 0.0 0.0 0.0
49 0.0 0.0 0.0
50 0.0 0.0 0.0
51 0.0 0.0 0.0
52 0.0 0.0 0.0
53 0.0 0.0 0.0
54 0.0 0.0 0.0
55 0.0 0.0 0.0
56 0.0 0.0 0.0
57 0.0 0.0 0.0
58 0.0 0.0 0.0
59 0.0 0.0 0.0
60 0.0 0.0 0.0
61 0.0 0.0 0.0
62 0.0 0.0 0.0
63 0.0 0.0 0.0
64 0.0 0.0 0.0
65 0.0 0.0 0.0
66 0.0 0.0 0.0
67 0.0 0.0 0.0
68 0.0 0.0 0.0
69 0.0 0.0 0.0
70 0.0 0.0 0.0
71 0.0 0.0 0.0
72 0.0 0.0 0.0
73 0.0 0.0 0.0
74 0.0 0.0 0.0
75 0.0 0.0 0.0
76 0.0 0.0 0.0
77 0.0 0.0 0.0
78 0.0 0.0 0.0
79 0.0 0.0 0.0
80 0.0 0.0 0.0
81 0.0 0.0 0.0
82 0.0 0.0 0.0
83 0.0 0.0 0.0
84 0.0 0.0 0.0
85 0.0 0.0 0.0
86 0.0 0.0 0.0
87 0.0 0.0 0.0
88 0.0 0.0 0.0
89 0.0 0.0 0.0
90 0.0 0.0 0.0
91 0.0 0.0 0.0
92 0.0 0.0 0.0
93 0.0 0.0 0.0
94 0.0 0.0 0.0
95 0.0 0.0 0.0
96 0.0 0.0 0.0
97 0.0 0.0 0.0
98 0.0 0.0 0.0
99 0.0 0.0 0.0
100 0.0 0.0 0.0
101 0.0 0.0 0.0
102 0.08000789 0.1960085 -0.11600062
103 0.08003156 0.1975425 -0.11751091
104 0.08007103 0.1975425 -0.11747145
105 0.08012629 0.1975425 -0.11741619
106 0.08019732 0.1975425 -0.11734515
107 0.08028415 0.1975425 -0.11725833
108 0.08038675 0.1975425 -0.11715572
109 0.08050514 0.1960085 -0.11550337
110 0.08063928 0.1960085 -0.11536922
111 0.0807892 0.2082803 -0.1274911
112 0.08095488 0.2082803 -0.1273255
113 0.08113631 0.1407852 -0.05964893
114 0.08133349 0.1407852 -0.05945175
115 0.08154641 0.03647463 0.04507178
116 0.08177506 0.03647463 0.04530043
117 0.08201942 0.008862993 0.07315643
118 0.0822795 0.008862993 0.0734165
119 0.08255528 -0.01721466 0.09976994
120 0.08284675 -0.01721466 0.1000614
121 0.0831539 -0.03562242 0.11877631
122 0.08347672 -0.03562242 0.11909913
123 0.08381519 -0.04482629 0.1286415
124 0.0841693 -0.04482629 0.1289956
125 0.08453903 -0.04636027 0.1308993
126 0.08492438 -0.04636027 0.1312847
127 0.08532533 -0.04789425 0.1332196
128 0.08574186 -0.04789425 0.1336361
129 0.08617395 -0.04636027 0.1325342
130 0.08662159 -0.04636027 0.1329819
131 0.08708476 -0.04636027 0.133445
132 0.08756344 -0.04636027 0.1339237
133 0.08805761 -0.04329231 0.1313499
134 0.08856726 -0.04329231 0.1318596
135 0.08909237 -0.03562242 0.12471478
136 0.0896329 -0.03562242 0.1252553
137 0.09018884 -0.02335058 0.11353941
138 0.09076017 -0.02335058 0.11411075
139 0.09134687 -0.011078741 0.10242562
140 0.09194891 -0.011078741 0.10302766
141 0.09256627 -0.0003408844 0.09290716
142 0.09319893 -0.0003408844 0.09353982
143 0.09384686 0.008862993 0.08498386
144 0.09451003 0.008862993 0.08564704
145 0.09518842 0.014998911 0.08018951
146 0.09588201 0.014998911 0.0808831
147 0.09659075 0.02113483 0.07545592
148 0.09731463 0.02113483 0.0761798
149 0.09805362 0.02880473 0.06924889
150 0.09880769 0.02880473 0.07000297
151 0.09957681 0.03494065 0.06463617
152 0.10036094 0.03494065 0.0654203
153 0.10116006 0.04261055 0.05854952
154 0.10197414 0.04261055 0.0593636
155 0.10280315 0.04721248 0.05559067
156 0.10364705 0.04721248 0.05643457
157 0.10450579 0.05488238 0.04962341
158 0.10537937 0.05488238 0.05049699
159 0.10626774 0.0610183 0.04524944
160 0.10717086 0.0610183 0.04615256
161 0.10808869 0.06562024 0.04246846
162 0.10902121 0.06562024 0.04340098
163 0.10996838 0.07175616 0.03821223
164 0.11093015 0.07175616 0.039174
165 0.1119065 0.0763581 0.03554841
166 0.11289737 0.0763581 0.03653928
167 0.11390274 0.08096004 0.03294271
168 0.11492256 0.08096004 0.03396253
169 0.1159568 0.08709595 0.02886085
170 0.1170054 0.08709595 0.02990945
171 0.11806834 0.09016391 0.02790443
172 0.11914556 0.09016391 0.02898165
173 0.12023703 0.09476585 0.02547118
174 0.1213427 0.09476585 0.02657686
175 0.12246253 0.09936779 0.02309474
176 0.12359648 0.09936779 0.02422869
177 0.1247445 0.10243575 0.02230875
178 0.1259065 0.10243575 0.0234708
179 0.1270826 0.10550371 0.02157885
180 0.1282725 0.10550371 0.02276881
181 0.1294764 0.11010564 0.01937071
182 0.130694 0.11010564 0.02058839
183 0.1319255 0.1131736 0.01875189
184 0.1331707 0.1131736 0.01999711
185 0.1344296 0.11624156 0.01818805
186 0.1357022 0.11624156 0.01946059
187 0.1369883 0.11930952 0.01767876
188 0.138288 0.11930952 0.01897844
189 0.1396011 0.12237748 0.01722365
190 0.1409277 0.12237748 0.01855026
191 0.1422677 0.12237748 0.01989024
192 0.143621 0.12237748 0.02124357
193 0.1449876 0.12391146 0.02107618
194 0.1463675 0.12391146 0.02245601
195 0.1477605 0.1285134 0.01924709
196 0.1491666 0.1285134 0.0206532
197 0.1505858 0.1315814 0.01900442
198 0.152018 0.1315814 0.0204366
199 0.1534631 0.1392513 0.014211819
200 0.1549211 0.1392513 0.01566984
201 0.156392 0.1438532 0.012538776
202 0.1578756 0.1438532 0.014022425
203 0.159372 0.1469212 0.012450799
204 0.160881 0.1469212 0.013959795
205 0.1624026 0.1484551 0.013947442
206 0.1639367 0.1484551 0.015481576
207 0.1654833 0.1499891 0.015494213
208 0.1670424 0.1499891 0.01705325
209 0.1686138 0.1515231 0.01709065
210 0.1701974 0.1515231 0.01867433
211 0.1717933 0.1545911 0.01720229
212 0.1734014 0.1545911 0.01881038
213 0.1750216 0.156125 0.0188966
214 0.1766538 0.156125 0.02052881
215 0.178298 0.160727 0.01757108
216 0.1799542 0.160727 0.01922719
217 0.1816221 0.1653289 0.0162932
218 0.1833018 0.1653289 0.01797293
219 0.1849933 0.1699309 0.015062451
220 0.1866964 0.1699309 0.01676554
221 0.1884111 0.1745328 0.013878271
222 0.1901373 0.1745328 0.015604466
223 0.1918749 0.1776007 0.014274135
224 0.1936239 0.1776007 0.01602314
225 0.1953842 0.1806687 0.014715493
226 0.1971557 0.1806687 0.01648703
227 0.1989385 0.1822027 0.01673576
228 0.2007323 0.1822027 0.01852958
229 0.2025371 0.1852706 0.01726645
230 0.2043529 0.1852706 0.01908223
231 0.2061796 0.1883386 0.01784094
232 0.208017 0.1883386 0.01967841
233 0.2098653 0.1929405 0.01692471
234 0.2117241 0.1929405 0.01878358
235 0.2135936 0.2006104 0.012983158
236 0.2154736 0.2006104 0.014863148
237 0.217364 0.2067463 0.010617673
238 0.2192648 0.2067463 0.012518466
239 0.2211759 0.2098143 0.011361584
240 0.2230972 0.2098143 0.013282895
241 0.2250287 0.2128823 0.012146398
242 0.2269702 0.2128823 0.014087915
243 0.2289217 0.2144162 0.014505446
244 0.2308831 0.2144162 0.01646687
245 0.2328544 0.2159502 0.01690415
246 0.2348354 0.2159502 0.01888515
247 0.2368261 0.2174842 0.01934186
248 0.2388264 0.2174842 0.02134214
249 0.2408362 0.2190182 0.021818
250 0.2428554 0.2190182 0.02383724
251 0.244884 0.2220862 0.02279788
252 0.2469219 0.2220862 0.02483578
253 0.248969 0.2266881 0.02228096
254 0.2510253 0.2266881 0.02433719
255 0.2530905 0.23129 0.02180049
256 0.2551647 0.23129 0.0238747
257 0.2572478 0.234358 0.02288982
258 0.2593397 0.234358 0.02498171
259 0.2614403 0.2389599 0.0224804
260 0.2635495 0.2389599 0.02458963
261 0.2656673 0.2450958 0.02057146
262 0.2677935 0.2450958 0.0226977
263 0.2699281 0.2512318 0.01869637
264 0.272071 0.2512318 0.02083927
265 0.2742222 0.2573677 0.0168545
266 0.2763814 0.2573677 0.01901373
267 0.2850979 0.2681055 0.01699233
268 0.2939375 0.2757754 0.01816201
269 0.3028945 0.2788434 0.02405116
270 0.3119635 0.2819114 0.03005216
271 0.3211386 0.2987851 0.02235347
272 0.330414 0.3156589 0.01475513
273 0.3397839 0.3248628 0.014921159
274 0.3492424 0.3248628 0.02437964
275 0.3587835 0.3279307 0.03085277
276 0.3684011 0.3432705 0.0251306
277 0.3780892 0.3586103 0.01947889
278 0.3878417 0.3678142 0.02002752
279 0.3976524 0.3724162 0.02523628
280 0.4075151 0.3785521 0.02896306
281 0.4174236 0.3938919 0.02353177
282 0.4273716 0.4076977 0.01967394
283 0.4373529 0.4153676 0.02198532
284 0.4473611 0.4215035 0.0258576
285 0.4573899 0.4353093 0.0220806
286 0.467433 0.4475812 0.01985183
287 0.477484 0.4537171 0.02376694
288 0.4875366 0.461387 0.02614966
289 0.4975845 0.4721248 0.02545965
290 0.5076213 0.4859306 0.02169061
291 0.5176406 0.4951345 0.02250603
292 0.5276361 0.5028044 0.02483165
293 0.5376015 0.5120083 0.02559322
294 0.5475306 0.5258141 0.02171642
295 0.557417 0.535018 0.02239901
296 0.5672545 0.5457558 0.02149868
297 0.5770369 0.5549597 0.02207714
298 0.586758 0.5656976 0.02106041
299 0.5964117 0.5733675 0.02304417
300 0.6059919 0.5810374 0.0249545
301 0.6154927 0.5948432 0.02064949
302 0.6249079 0.6071151 0.01779282
303 0.6342315 0.6147849 0.01944661
304 0.6434578 0.6193869 0.02407092
305 0.6525808 0.6285907 0.0239901
306 0.6615948 0.6439305 0.01766431
307 0.6704941 0.6516004 0.01889366
308 0.6792731 0.6562024 0.02307069
309 0.6879262 0.6654063 0.02251995
310 0.6964479 0.6761441 0.02030385
311 0.704833 0.686882 0.01795101
312 0.713076 0.6960858 0.01699019
313 0.7211718 0.7037558 0.01741606
314 0.7291153 0.7098916 0.01922363
315 0.7369014 0.7160276 0.02087385
316 0.7445253 0.7236974 0.02082783
317 0.751982 0.7375033 0.014478683
318 0.759267 0.7467072 0.012559831
319 0.7663755 0.7513091 0.015066385
320 0.7733032 0.7543771 0.01892608
321 0.7800456 0.760513 0.01953262
322 0.7865985 0.7712509 0.0153476
323 0.7929577 0.7773867 0.015570939
324 0.7991193 0.7804547 0.01866454
325 0.8050792 0.7865907 0.01848859
326 0.8108338 0.7927265 0.0181073
327 0.8163795 0.7957945 0.020585
328 0.8217127 0.7988625 0.02285022
329 0.8268301 0.8034644 0.02336562
330 0.8317283 0.8096003 0.02212799
331 0.8364044 0.8142023 0.02220214
332 0.8408554 0.8188042 0.02205122
333 0.8450784 0.8218721 0.02320629
334 0.8490709 0.8264741 0.02259684
335 0.8528302 0.8295421 0.02328819
336 0.856354 0.83261 0.02374399
337 0.8596401 0.83261 0.02703011
338 0.8626865 0.835678 0.02700848
339 0.865491 0.8387459 0.02674514
340 0.8680521 0.8418139 0.0262382
341 0.8703681 0.8433478 0.02702022
342 0.8724375 0.8448818 0.02755565
343 0.8742589 0.8494838 0.02477515
344 0.8758314 0.8540857 0.02174568
345 0.8771539 0.8556197 0.02153421
346 0.8782254 0.8571537 0.02107179
347 0.8790455 0.8586876 0.02035791
348 0.8796135 0.8586876 0.02092588
349 0.8799291 0.8602216 0.01970744
350 0.8799921 0.8617556 0.01823646
351 0.8798023 0.8632896 0.01651275
352 0.8793601 0.8648236 0.01453656
353 0.8786656 0.8648236 0.013842046
354 0.8777193 0.8648236 0.012895763
355 0.8765218 0.8663576 0.010164261
356 0.8750739 0.8678916 0.0071823
357 0.8733763 0.8694255 0.003950775
358 0.8714303 0.8694255 0.002004802
359 0.8692371 0.8694255 -0.0001884699
360 0.8667979 0.8709595 -0.004161537
361 0.8641145 0.8709595 -0.006844938
362 0.8611885 0.8709595 -0.009770989
363 0.8580216 0.8709595 -0.012937844
364 0.854616 0.8709595 -0.01634348
365 0.8509737 0.8709595 -0.01998574
366 0.8470972 0.8709595 -0.02386224
367 0.8429887 0.8709595 -0.02797073
368 0.838651 0.8709595 -0.03230846
369 0.8340868 0.8709595 -0.03687269
370 0.8292989 0.8709595 -0.04166061
371 0.8242903 0.8694255 -0.04513526
372 0.8190643 0.8694255 -0.05036128
373 0.813624 0.8678916 -0.05426753
374 0.8079731 0.8663576 -0.05838448
375 0.802115 0.8632896 -0.06117457
376 0.7960535 0.8556197 -0.0595662
377 0.7897923 0.8510178 -0.06122554
378 0.7833354 0.8464158 -0.06308043
379 0.7766869 0.8448818 -0.06819493
380 0.7698511 0.835678 -0.06582695
381 0.7628321 0.8280081 -0.06517601
382 0.7556345 0.8172702 -0.06163579
383 0.7482627 0.8096003 -0.06133759
384 0.7407216 0.7988625 -0.05814088
385 0.7330157 0.7773867 -0.04437101
386 0.7251501 0.7666489 -0.04149884
387 0.7171296 0.762047 -0.04491741
388 0.7089592 0.758979 -0.05001974
389 0.7006443 0.7451732 -0.04452884
390 0.69219 0.7329014 -0.04071134
391 0.6836017 0.7236974 -0.04009575
392 0.6748848 0.7206295 -0.04574478
393 0.6660447 0.7144936 -0.04844886
394 0.6570872 0.7022218 -0.04513455
395 0.6480178 0.68228 -0.03426218
396 0.6388423 0.6638723 -0.02502996
397 0.6295665 0.6608043 -0.03123784
398 0.6201961 0.6608043 -0.04060817
399 0.6107372 0.6577364 -0.04699916
400 0.6011959 0.6377946 -0.03659874
401 0.5915779 0.6132509 -0.02167308
402 0.5818894 0.5948432 -0.012953818
403 0.5721365 0.5902413 -0.01810479
404 0.5623254 0.5933092 -0.03098375
405 0.5524624 0.5963772 -0.0439148
406 0.5425536 0.5779694 -0.03541583
407 0.5326053 0.5442218 -0.011616588
408 0.5226237 0.5120083 0.010615408
409 0.5126152 0.5135423 -0.0009270906
410 0.5025861 0.5242802 -0.02169407
411 0.4925427 0.5242802 -0.03173742
412 0.4824915 0.5227462 -0.04025471
413 0.4724386 0.5227462 -0.05030757
414 0.4623905 0.5273481 -0.06495753
415 0.4523536 0.5273481 -0.07499451
416 0.4423341 0.4997365 -0.05740237
417 0.4323384 0.4414452 -0.009106845
418 0.4223728 0.38162 0.04075274
419 0.4124436 0.3448045 0.06763909
420 0.4025571 0.3524744 0.05008266
421 0.3927195 0.3647463 0.02797321
422 0.382937 0.3908239 -0.007886917
423 0.3732158 0.3969598 -0.02374399
424 0.3635621 0.3984938 -0.03493169
425 0.353982 0.3984938 -0.04451186
426 0.3444814 0.4000278 -0.05554641
427 0.3350664 0.3877559 -0.05268953
428 0.325743 0.3708822 -0.04513917
429 0.316517 0.3463385 -0.02982149
430 0.3073943 0.309523 -0.002128691
431 0.2983806 0.2865133 0.011867315
432 0.2894816 0.2865133 0.002968341
433 0.280703 0.2880473 -0.007344276
434 0.2720502 0.2911152 -0.01906499
435 0.2635289 0.2926492 -0.02912036
436 0.2551442 0.2941832 -0.03903899
437 0.2469016 0.2957172 -0.0488156
438 0.2388062 0.2957172 -0.05691099
439 0.2308631 0.2895813 -0.05871812
440 0.2230775 0.2573677 -0.03429023
441 0.2154541 0.2144162 0.001037821
442 0.2079978 0.1699309 0.03806691
443 0.2007133 0.1545911 0.04612223
444 0.1936052 0.1545911 0.03901416
445 0.186678 0.162261 0.02441709
446 0.1799361 0.1806687 -0.000732556
447 0.1733838 0.1837367 -0.01035288
448 0.1670251 0.1852706 -0.01824553
449 0.1608641 0.1868046 -0.02594051
450 0.1549047 0.1883386 -0.03343392
451 0.1491506 0.1868046 -0.03765398
452 0.1436056 0.1760668 -0.03246123
453 0.138273 0.1637949 -0.02552198
454 0.1331562 0.1484551 -0.015298933
455 0.1282585 0.1300474 -0.00178884
456 0.12358305 0.12391146 -0.0003284142
457 0.11913269 0.12391146 -0.004778773
458 0.11491027 0.12391146 -0.009001188
459 0.11091846 0.1254454 -0.014526978
460 0.10715979 0.1254454 -0.01828566
461 0.10363661 0.1208435 -0.01720689
462 0.10035117 0.10550371 -0.005152539
463 0.09730554 0.09476585 0.002539687
464 0.09450162 0.09323187 0.00126975
465 0.09194122 0.09476585 -0.002824634
466 0.08962592 0.09476585 -0.005139932
467 0.0875572 0.09476585 -0.007208646
468 0.08573638 0.09629983 -0.010563448
469 0.08416459 0.09476585 -0.01060126
470 0.08284283 0.08709595 -0.004253127
471 0.08177193 0.07942605 0.002345875
472 0.08095257 0.07789207 0.003060497
473 0.08038528 0.07942605 0.000959225
474 0.08007039 0.07942605 0.0006443411
475 0.08000812 0.08096004 -0.000951916
476 0.08019851 0.08096004 -0.0007615239
477 0.08064144 0.08249402 -0.001852579
478 0.08133661 0.08249402 -0.001157403
479 0.0822836 0.07789207 0.004391529
480 0.08348181 0.0763581 0.007123709
481 0.08493048 0.07789207 0.007038407
482 0.08662869 0.07789207 0.008736618
483 0.08857538 0.07942605 0.009149328
484 0.09076931 0.08096004 0.009809271
485 0.0932091 0.08249402 0.010715082
486 0.0958932 0.08402799 0.011865214
487 0.09881993 0.08402799 0.014791936
488 0.10198742 0.08556197 0.01642545
489 0.10539369 0.08862993 0.01676376
490 0.10903658 0.09169789 0.01733869
491 0.11291379 0.09323187 0.01968192
492 0.11702286 0.09476585 0.02225702
493 0.12136121 0.09936779 0.02199342
494 0.1259261 0.10243575 0.02349035
495 0.1307146 0.10703769 0.02367696
496 0.1357238 0.11163963 0.02408417
497 0.1409504 0.11624156 0.02470885
498 0.1463912 0.11930952 0.02708168
499 0.1520427 0.1285134 0.02352931
500 0.1579014 0.1331153 0.02478604
501 0.1639635 0.1361833 0.02778019
502 0.1702252 0.1423192 0.027906
503 0.1766826 0.1499891 0.02669352
504 0.1833316 0.157659 0.02567262
505 0.190168 0.160727 0.02944106
506 0.1971875 0.1653289 0.03185858
507 0.2043856 0.1745328 0.02985279
508 0.2117578 0.1822027 0.02955508
509 0.2192994 0.1868046 0.03249477
510 0.2270057 0.1960085 0.03099719
511 0.2348718 0.2067463 0.02812545
512 0.2428927 0.2144162 0.02847649
513 0.2510634 0.2282221 0.02284138
514 0.2593787 0.2389599 0.02041882
515 0.2678334 0.2466298 0.02120359
516 0.2764221 0.2527658 0.02365634
517 0.2851394 0.2604357 0.02470374
518 0.2939797 0.2742415 0.01973829
519 0.3029376 0.2849793 0.01795825
520 0.3120073 0.2895813 0.02242604
521 0.3211831 0.2972511 0.02393195
522 0.3304592 0.304921 0.02553818
523 0.3398298 0.3233288 0.01650101
524 0.3492889 0.3325327 0.01675624
525 0.3588306 0.3371346 0.021696
526 0.3684488 0.3386686 0.02978024
527 0.3781375 0.3463385 0.03179902
528 0.3878905 0.3616783 0.02621225
529 0.3977018 0.383154 0.014547735
530 0.407565 0.3908239 0.01674104
531 0.4174739 0.3938919 0.02358201
532 0.4274223 0.3938919 0.03353047
533 0.437404 0.4046297 0.03277424
534 0.4474125 0.4245715 0.02284104
535 0.4574417 0.4399113 0.01753038
536 0.4674851 0.4445132 0.02297187
537 0.4775363 0.4445132 0.03302315
538 0.4875892 0.456785 0.03080416
539 0.4976372 0.4736588 0.02397841
540 0.5076742 0.4874646 0.02020955
541 0.5176936 0.4936005 0.02409306
542 0.5276892 0.4966685 0.03102073
543 0.5376547 0.5058724 0.03178233
544 0.5475838 0.5242802 0.02330363
545 0.5574702 0.5396199 0.01785022
546 0.5673077 0.5442218 0.02308583
547 0.57709 0.5472898 0.02980018
548 0.586811 0.5610956 0.02571535
549 0.5964645 0.5764354 0.02002907
550 0.6060444 0.5856393 0.02040511
551 0.6155448 0.5887073 0.02683747
552 0.6249595 0.5979111 0.02704835
553 0.6342826 0.6147849 0.01949769
554 0.6435083 0.6270567 0.0164516
555 0.6526308 0.6301247 0.02250606
556 0.6616441 0.6347267 0.02691746
557 0.6705428 0.6469985 0.02354431
558 0.6793211 0.6592703 0.02005076
559 0.6879735 0.6684742 0.01949924
560 0.6964945 0.6730762 0.02341831
561 0.7048788 0.68228 0.02259874
562 0.713121 0.6930179 0.02010316
563 0.721216 0.7006878 0.0205282
564 0.7291586 0.7068237 0.02233487
565 0.7369439 0.7175616 0.0193823
566 0.7445668 0.7267654 0.01780135
567 0.7520226 0.7344353 0.01758725
568 0.7593066 0.7405712 0.01873541
569 0.7664142 0.7467072 0.01970702
570 0.7733408 0.7543771 0.01896375
571 0.7800823 0.762047 0.01803529
572 0.7866341 0.7697169 0.01691717
573 0.7929922 0.7773867 0.01560545
574 0.7991526 0.7804547 0.01869792
575 0.8051115 0.7850567 0.02005482
576 0.810865 0.7896586 0.02120644
577 0.8164095 0.7942605 0.02214897
578 0.8217415 0.7973285 0.02441299
579 0.8268577 0.8034644 0.02339321
580 0.8317547 0.8096003 0.02215439
581 0.8364296 0.8142023 0.02222729
582 0.8408793 0.8188042 0.02207506
583 0.8451011 0.8218721 0.02322894
584 0.8490922 0.8264741 0.02261818
585 0.8528503 0.834144 0.01870626
586 0.8563728 0.8387459 0.01762688
587 0.8596576 0.8402799 0.01937771
588 0.8627025 0.8433478 0.0193547
589 0.8655058 0.8494838 0.01602197
590 0.8680655 0.8525518 0.015513778
591 0.8703801 0.8556197 0.014760435
592 0.8724481 0.8586876 0.013760507
593 0.8742683 0.8586876 0.015580654
594 0.8758394 0.8586876 0.01715177
595 0.8771605 0.8586876 0.01847285
596 0.8782307 0.8586876 0.01954305
597 0.8790494 0.8602216 0.01882774
598 0.879616 0.8602216 0.01939434
599 0.8799301 0.8617556 0.01817453
600 0.8799917 0.8632896 0.01670212
601 0.8798006 0.8632896 0.01651102
602 0.879357 0.8632896 0.01606739
603 0.8786611 0.8632896 0.015371501
604 0.8777134 0.8648236 0.012889862
605 0.8765146 0.8663576 0.010156989
606 0.8750652 0.8678916 0.007173658
607 0.8733663 0.8678916 0.005474746
608 0.8714189 0.8678916 0.003527343
609 0.8692243 0.8678916 0.00133276
610 0.8667839 0.8678916 -0.001107693
611 0.864099 0.8694255 -0.00532651
612 0.8611717 0.8694255 -0.008253873
613 0.8580035 0.8694255 -0.011422038
614 0.8545966 0.8694255 -0.01482898
615 0.850953 0.8694255 -0.01847249
616 0.8470752 0.8694255 -0.02235037
617 0.8429655 0.8694255 -0.02646005
618 0.8386265 0.8694255 -0.03079903
619 0.834061 0.8694255 -0.03536457
620 0.8292719 0.8694255 -0.04015368
621 0.8242621 0.8694255 -0.04516346
622 0.8190349 0.8678916 -0.04885668
623 0.8135935 0.8663576 -0.05276406
624 0.8079414 0.8648236 -0.05688221
625 0.8020822 0.8586876 -0.05660546
626 0.7960195 0.8540857 -0.05806625
627 0.7897572 0.8479498 -0.05819261
628 0.7832993 0.8433478 -0.06004858
629 0.7766498 0.8418139 -0.06516409
630 0.7698129 0.834144 -0.06433112
631 0.7627929 0.8218721 -0.05907923
632 0.7555943 0.8034644 -0.0478701
633 0.7482217 0.7973285 -0.04910684
634 0.7406796 0.7911926 -0.05051297
635 0.7329728 0.7819887 -0.04901588
636 0.7251063 0.7758528 -0.05074644
637 0.717085 0.7666489 -0.04956395
638 0.7089138 0.757445 -0.04853118
639 0.7005981 0.7467072 -0.04610902
640 0.6921431 0.7359693 -0.04382622
641 0.683554 0.7236974 -0.04014343
642 0.6748364 0.7160276 -0.04119116
643 0.6659957 0.7098916 -0.0438959
644 0.6570376 0.7022218 -0.0451842
645 0.6479675 0.688416 -0.04044843
646 0.6387915 0.6730762 -0.03428471
647 0.6295151 0.6592703 -0.02975524
648 0.6201442 0.6454645 -0.02532029
649 0.6106849 0.6393286 -0.02864373
650 0.601143 0.6377946 -0.03665167
651 0.5915246 0.6301247 -0.03860015
652 0.5818357 0.611717 -0.02988124
653 0.5720825 0.5841053 -0.012022853
654 0.5622711 0.5672316 -0.004960418
655 0.5524078 0.5718335 -0.01942569
656 0.5424987 0.5779694 -0.03547067
657 0.5325502 0.5795034 -0.04695314
658 0.5225685 0.5672316 -0.04466307
659 0.5125599 0.530416 -0.01785618
660 0.5025307 0.4889986 0.013532043
661 0.4924873 0.4782608 0.014226526
662 0.482436 0.4874646 -0.005028665
663 0.4723831 0.4936005 -0.02121744
664 0.4623351 0.4966685 -0.03433344
665 0.4522982 0.4951345 -0.04283631
666 0.4422788 0.4997365 -0.05745763
667 0.4322833 0.4997365 -0.06745318
668 0.4223179 0.4936005 -0.07128266
669 0.4123889 0.4537171 -0.04132816
670 0.4025026 0.3954258 0.00707677
671 0.3926653 0.3417366 0.05092874
672 0.3828831 0.3294647 0.05341843
673 0.3731623 0.3356006 0.03756172
674 0.363509 0.3509404 0.012568563
675 0.3539293 0.3708822 -0.01695287
676 0.3444292 0.3724162 -0.02798697
677 0.3350147 0.3739501 -0.03893545
678 0.3256918 0.3754841 -0.04979232
679 0.3164664 0.3739501 -0.05748377
680 0.3073442 0.3570764 -0.04973212
681 0.2983312 0.3386686 -0.04033744
682 0.2894328 0.306455 -0.01702219
683 0.2806549 0.2665716 0.014083326
684 0.2720029 0.2542997 0.01770315
685 0.2634822 0.2558337 0.007648498
686 0.2550983 0.2604357 -0.005337358
687 0.2468565 0.2665716 -0.01971509
688 0.2387619 0.2681055 -0.02934365
689 0.2308197 0.2696395 -0.03881979
690 0.2230349 0.2711735 -0.04813858
691 0.2154124 0.2711735 -0.05576106
692 0.2079571 0.2573677 -0.0494106
693 0.2006736 0.23129 -0.03061646
694 0.1935665 0.1929405 0.0006259382
695 0.1866403 0.1545911 0.03204925
696 0.1798995 0.1453872 0.03451228
697 0.1733482 0.1453872 0.02796099
698 0.1669906 0.1545911 0.012399495
699 0.1608307 0.1668629 -0.006032229
700 0.1548724 0.1699309 -0.015058473
701 0.1491195 0.1699309 -0.02081139
702 0.1435755 0.1714648 -0.0278893
703 0.1382441 0.1729988 -0.03475469
704 0.1331286 0.1699309 -0.03680229
705 0.1282321 0.157659 -0.0294269
706 0.12355786 0.1469212 -0.0233633
707 0.11910875 0.1269794 -0.007870674
708 0.1148876 0.10550371 0.009383895
709 0.11089707 0.10243575 0.008461326
710 0.10713969 0.10396972 0.003169969
711 0.10361782 0.10550371 -0.001885884
712 0.1003337 0.10703769 -0.006703988
713 0.09728939 0.10857166 -0.011282273
714 0.09448682 0.11010564 -0.015618823
715 0.09192776 0.11010564 -0.01817788
716 0.08961383 0.11163963 -0.0220258
717 0.08754648 0.11163963 -0.02409315
718 0.08572702 0.10703769 -0.02131067
719 0.0841566 0.09936779 -0.015211187
720 0.08283623 0.08249402 0.0003422126
721 0.08176672 0.06408626 0.01768046
722 0.08094875 0.06255228 0.01839647
723 0.08038284 0.06255228 0.01783056
724 0.08006936 0.06715422 0.012915142
725 0.08000848 0.07022218 0.0097863
726 0.08020026 0.07175616 0.008444108
727 0.08064458 0.07175616 0.008888423
728 0.08134115 0.07329013 0.008051016
729 0.08228953 0.07482412 0.007465408
730 0.08348912 0.07482412 0.008665003
731 0.08493917 0.0763581 0.008581072
732 0.08663876 0.0763581 0.010280661
733 0.08858681 0.07789207 0.010694742
734 0.09078211 0.0763581 0.014424011
735 0.09322324 0.0763581 0.01686515
736 0.09590869 0.07789207 0.01801662
737 0.09883675 0.07789207 0.02094468
738 0.10200557 0.08556197 0.0164436
739 0.10541315 0.09169789 0.013715267
740 0.10905734 0.09476585 0.014291488
741 0.11293583 0.09476585 0.01816998
742 0.11704618 0.09629983 0.02074636
743 0.12138579 0.0978338 0.02355199
744 0.1259519 0.10550371 0.02044821
745 0.1307417 0.1131736 0.01756808
746 0.1357521 0.11470758 0.02104447
747 0.1409799 0.11624156 0.02473831
748 0.1464218 0.12237748 0.02404434
749 0.1520745 0.1285134 0.02356109
750 0.1579343 0.1346493 0.02328496
751 0.1639975 0.1392513 0.02474624
752 0.1702603 0.1453872 0.02487317
753 0.1767188 0.1484551 0.02826369
754 0.1833689 0.156125 0.02724384
755 0.1902063 0.1637949 0.02641134
756 0.1972267 0.1683969 0.02882987
757 0.2044258 0.1729988 0.031427
758 0.2117989 0.1822027 0.02959626
759 0.2193415 0.1960085 0.02333298
760 0.2270487 0.2036784 0.0233703
761 0.2349157 0.2113483 0.02356736
762 0.2429374 0.2205522 0.02238527
763 0.251109 0.232824 0.01828495
764 0.2594251 0.2404939 0.01893115
765 0.2678805 0.2450958 0.02278464
766 0.2764699 0.2527658 0.02370411
767 0.2851879 0.2650376 0.02015027
768 0.2940289 0.2742415 0.0197874
