1 0.0 0.0 0.0
2 0.0 0.0 0.0
3 0.0 0.0 0.0
4 0.0 0.0 0.0
5 0.0 0.0 0.0
6 0.0 0.0 0.0
7 0.0 0.0 0.0
8 0.0 0.0 0.0
9 0.0 0.0 0.0
10 0.0 0.0 0.0
11 0.0 0.0 0.0
12 0.0 0.0 0.0
13 0.0 0.0 0.0
14 0.0 0.0 0.0
15 0.0 0.0 0.0
16 0.0 0.0 0.0
17 0.0 0.0 0.0
18 0.0 0.0 0.0
19 0.0 0.0 0.0
20 0.0 0.0 0.0
21 0.0 0.0 0.0
22 0.0 0.0 0.0
23 0.0 0.0 0.0
24 0.0 0.0 0.0
25 0.0 0.0 0.0
26 0.0 0.0 0.0
27 0.0 0.0 0.0
28 0.0 0.0 0.0
29 0.0 0.0 0.0
30 0.0 0.0 0.0
31 0.0 0.0 0.0
32 0.0 0.0 0.0
33 0.0 0.0 0.0
34 0.0 0.0 0.0
35 0.0 0.0 0.0
36 0.0 0.0 0.0
37 0.0 0.0 0.0
38 0.0 0.0 0.0
39 0.0 0.0 0.0
40 0.0 0.0 0.0
41 0.0 0.0 0.0
42 0.0 0.0 0.0
43 0.0 0.0 0.0
44 0.0 0.0 0.0
45 0.0 0.0 0.0
46 0.0 0.0 0.0
47 0.0 0.0 0.0
48 0.0 0.0 0.0
49 0.0 0.0 0.0
50 0.0 0.0 0.0
51 0.0 0.0 0.0
52 0.0 0.0 0.0
53 0.0 0.0 0.0
54 0.0 0.0 0.0
55 0.0 0.0 0.0
56 0.0 0.0 0.0
57 0.0 0.0 0.0
58 0.0 0.0 0.0
59 0.0 0.0 0.0
60 0.0 0.0 0.0
61 0.0 0.0 0.0
62 0.0 0.0 0.0
63 0.0 0.0 0.0
64 0.0 0.0 0.0
65 0.0 0.0 0.0
66 0.0 0.0 0.0
67 0.0 0.0 0.0
68 0.0 0.0 0.0
69 0.0 0.0 0.0
70 0.0 0.0 0.0
71 0.0 0.0 0.0
72 0.0 0.0 0.0
73 0.0 0.0 0.0
74 0.0 0.0 0.0
75 0.0 0.0 0.0
76 0.0 0.0 0.0
77 0.0 0.0 0.0
78 0.0 0.0 0.0
79 0.0 0.0 0.0
80 0.0 0.0 0.0
81 0.0 0.0 0.0
82 0.0 0.0 0.0
83 0.0 0.0 0.0
84 0.0 0.0 0.0
85 0.0 0.0 0.0
86 0.0 0.0 0.0
87 0.0 0.0 0.0
88 0.0 0.0 0.0
89 0.0 0.0 0.0
90 0.0 0.0 0.0
91 0.0 0.0 0.0
92 0.0 0.0 0.0
93 0.0 0.0 0.0
94 0.0 0.0 0.0
95 0.0 0.0 0.0
96 0.0 0.0 0.0
97 0.0 0.0 0.0
98 0.0 0.0 0.0
99 0.0 0.0 0.0
100 0.0 0.0 0.0
101 0.0 0.0 0.0
102 4.584119 10.263672 -5.679554
103 4.585475 10.263672 -5.678198
104 4.587736 10.263672 -5.675936
105 4.590902 10.351562 -5.76066
106 4.594972 10.351562 -5.75659
107 4.599947 10.263672 -5.663726
108 4.605826 10.263672 -5.657847
109 4.612608 10.0 -5.387392
110 4.620294 10.0 -5.379706
111 4.628884 10.527344 -5.89846
112 4.638377 10.527344 -5.888967
113 4.648772 10.439453 -5.790682
114 4.66007 10.439453 -5.779384
115 4.672269 4.726563 -0.05429364
116 4.685369 4.726563 -0.04119349
117 4.699371 2.617188 2.082183
118 4.714272 2.617188 2.097084
119 4.730073 0.859375 3.870698
120 4.746773 0.859375 3.887398
121 4.764371 0.15625 4.608121
122 4.782867 0.15625 4.626617
123 4.802261 -0.8105469 5.612808
124 4.82255 -0.8105469 5.633096
125 4.843734 -0.8105469 5.654281
126 4.865813 -0.8105469 5.67636
127 4.888786 -0.7226563 5.611442
128 4.912651 -0.7226563 5.635308
129 4.937408 -0.6347656 5.572173
130 4.963056 -0.6347656 5.597821
131 4.989594 -0.6347656 5.624359
132 5.01702 -0.6347656 5.651786
133 5.045334 -0.6347656 5.6801
134 5.074535 -0.6347656 5.7093
135 5.104621 -0.6347656 5.739386
136 5.135591 -0.6347656 5.770357
137 5.167444 -0.6347656 5.80221
138 5.200179 -0.6347656 5.834945
139 5.233795 -0.546875 5.78067
140 5.268289 -0.546875 5.815164
141 5.303661 -0.10742188 5.411083
142 5.33991 -0.10742188 5.447332
143 5.377033 0.5078125 4.869221
144 5.415031 0.5078125 4.907218
145 5.4539 1.298828 4.155071
146 5.493639 1.298828 4.194811
147 5.534247 2.089844 3.444403
148 5.575722 2.089844 3.485879
149 5.618063 2.617188 3.000876
150 5.661268 2.617188 3.044081
151 5.705336 3.056641 2.648695
152 5.750263 3.056641 2.693623
153 5.796049 3.232422 2.563627
154 5.842693 3.232422 2.610271
155 5.890192 3.320313 2.569879
156 5.938543 3.320313 2.61823
157 5.987746 3.583985 2.403762
158 6.037798 3.583985 2.453814
159 6.088698 3.759766 2.328932
160 6.140443 3.759766 2.380677
161 6.193031 4.111328 2.081703
162 6.246461 4.111328 2.135132
163 6.300729 4.462891 1.837838
164 6.355835 4.462891 1.892944
165 6.411775 4.726563 1.685213
166 6.468548 4.726563 1.741985
167 6.526152 4.990235 1.535917
168 6.584584 4.990235 1.594349
169 6.643841 5.166016 1.477825
170 6.703922 5.166016 1.537906
171 6.764823 5.253906 1.510917
172 6.826544 5.253906 1.572638
173 6.88908 5.429688 1.459393
174 6.952431 5.429688 1.522743
175 7.016592 5.517578 1.499013
176 7.081562 5.517578 1.563984
177 7.147339 5.78125 1.366089
178 7.213919 5.78125 1.432669
179 7.2813 6.132813 1.148488
180 7.34948 6.132813 1.216668
181 7.418454 6.308594 1.10986
182 7.488223 6.308594 1.179629
183 7.55878 6.572266 0.9865146
184 7.630126 6.572266 1.05786
185 7.702255 6.748047 0.9542079
186 7.775167 6.748047 1.02712
187 7.848857 6.835938 1.012919
188 7.923323 6.835938 1.087386
189 7.998562 6.923828 1.074734
190 8.074571 6.923828 1.150743
191 8.151346 7.09961 1.051737
192 8.228887 7.09961 1.129277
193 8.307187 7.275392 1.031796
194 8.386246 7.275392 1.110854
195 8.466059 7.451172 1.014887
196 8.546623 7.451172 1.095451
197 8.627936 7.714844 0.9130926
198 8.709994 7.714844 0.9951506
199 8.792794 7.978517 0.8142777
200 8.876332 7.978517 0.8978157
201 8.960607 8.066406 0.8942003
202 9.045614 8.066406 0.979208
203 9.131348 8.330078 0.8012696
204 9.217807 8.330078 0.8877287
205 9.30499 8.505859 0.7991305
206 9.392889 8.505859 0.8870296
207 9.481503 8.505859 0.9756441
208 9.570829 8.505859 1.06497
209 9.660864 8.681642 0.9792223
210 9.751602 8.681642 1.069961
211 9.843041 8.681642 1.1614
212 9.935179 8.681642 1.253537
213 10.028008 8.945312 1.082697
214 10.121527 8.945312 1.176215
215 10.215734 9.208984 1.006749
216 10.310622 9.208984 1.101638
217 10.406188 9.560547 0.8456411
218 10.50243 9.560547 0.9418831
219 10.599343 9.912109 0.6872339
220 10.696923 9.912109 0.7848139
221 10.795167 10.087892 0.7072754
222 10.894071 10.087892 0.8061791
223 10.993629 10.263672 0.7299576
224 11.093841 10.263672 0.8301687
225 11.194698 10.351562 0.8431368
226 11.2962 10.351562 0.9446383
227 11.398342 10.439453 0.958889
228 11.501121 10.439453 1.061668
229 11.60453 10.615234 0.989296
230 11.708567 10.615234 1.093332
231 11.813228 10.703125 1.110103
232 11.918507 10.703125 1.215382
233 12.024402 10.966797 1.057605
234 12.130909 10.966797 1.164112
235 12.238021 11.318358 0.9196625
236 12.345736 11.318358 1.027377
237 12.45405 11.669921 0.7841292
238 12.562959 11.669921 0.8930378
239 12.672456 11.933593 0.738863
240 12.782539 11.933593 0.8489466
241 12.893203 12.109374 0.7838288
242 13.004444 12.109374 0.8950701
243 13.116257 12.285155 0.8311014
244 13.228639 12.285155 0.9434834
245 13.341582 12.373046 0.9685364
246 13.455087 12.373046 1.082041
247 13.569145 12.460937 1.108209
248 13.683753 12.460937 1.222817
249 13.798907 12.724608 1.074299
250 13.914601 12.724608 1.189993
251 14.030832 12.98828 1.042552
252 14.147595 12.98828 1.159315
253 14.264886 13.427733 0.8371525
254 14.382699 13.427733 0.9549656
255 14.501029 13.691405 0.8096237
256 14.619872 13.691405 0.9284668
257 14.739225 14.042968 0.6962576
258 14.859081 14.042968 0.8161135
259 14.979439 14.218749 0.7606898
260 15.100288 14.218749 0.8815393
261 15.221627 14.39453 0.827097
262 15.343451 14.39453 0.9489212
263 15.465755 14.570312 0.8954439
264 15.588534 14.570312 1.018223
265 15.711785 14.658202 1.053583
266 15.835501 14.658202 1.177299
267 16.33492 15.097655 1.237262
268 16.84139 15.80078 1.040608
269 17.35459 16.15234 1.20225
270 17.87421 16.41601 1.458193
271 18.3999 16.85547 1.544434
272 18.93135 17.73438 1.19697
273 19.4682 18.61328 0.8549194
274 20.01013 19.14063 0.8695068
275 20.5568 19.31641 1.240389
276 21.10785 19.66797 1.43988
277 21.66293 20.54688 1.116058
278 22.22171 21.42578 0.795929
279 22.78382 21.68945 1.09437
280 23.34891 21.86524 1.483679
281 23.91663 22.65625 1.26038
282 24.48661 23.62305 0.8635635
283 25.0585 24.15039 0.9081039
284 25.63192 24.41406 1.217859
285 26.20653 24.67774 1.528797
286 26.78196 25.55664 1.225319
287 27.35784 26.52344 0.8344021
288 27.93381 27.05078 0.8830299
289 28.50952 27.22656 1.282951
290 29.08458 27.49024 1.594341
291 29.65864 28.36914 1.289501
292 30.23135 29.33593 0.8954105
293 30.80232 29.86328 0.9390373
294 31.37122 30.03906 1.332151
295 31.93767 30.56641 1.37126
296 32.50131 31.5332 0.9681091
297 33.06181 32.14843 0.913372
298 33.61878 32.5 1.118782
299 34.1719 32.85156 1.320335
300 34.7208 33.55469 1.166115
301 35.26516 34.25781 1.007347
302 35.80461 34.96093 0.8436775
303 36.33882 35.3125 1.026318
304 36.86744 35.57617 1.291271
305 37.39016 36.2793 1.110859
306 37.90663 37.07031 0.8363114
307 38.41651 37.50977 0.9067459
308 38.91951 37.86133 1.058186
309 39.4153 38.30078 1.114517
310 39.90356 38.82813 1.075436
311 40.38399 39.44336 0.9406281
312 40.85628 39.9707 0.8855743
313 41.32013 40.41016 0.909977
314 41.77526 40.76172 1.013542
315 42.22138 41.02539 1.195984
316 42.65819 41.81641 0.8417854
317 43.08543 42.43164 0.6537934
318 43.50283 42.78321 0.7196236
319 43.91012 43.04688 0.8632431
320 44.30705 43.22266 1.084389
321 44.69336 43.75 0.9433556
322 45.06881 44.27734 0.7914696
323 45.43317 44.62891 0.8042603
324 45.7862 44.89258 0.8936195
325 46.12768 45.15625 0.9714317
326 46.4574 45.59571 0.8616905
327 46.77514 45.94727 0.8278694
328 47.08071 46.12305 0.9576607
329 47.37391 46.38672 0.9871902
330 47.65456 46.5625 1.09206
331 47.92248 46.82617 1.09631
332 48.17751 47.08985 1.087662
333 48.41947 47.44141 0.9780617
334 48.64822 47.70508 0.9431381
335 48.86362 47.79297 1.070644
336 49.06551 47.96875 1.09676
337 49.25379 48.32031 0.9334793
338 49.42834 48.40821 1.02013
339 49.58903 48.40821 1.180821
340 49.73577 48.58399 1.151779
341 49.86846 48.67188 1.196583
342 49.98703 48.75977 1.227261
343 50.09139 48.84766 1.243729
344 50.18149 48.93555 1.245937
345 50.25725 49.02344 1.233814
346 50.31866 49.11133 1.207325
347 50.36565 49.28711 1.078533
348 50.39818 49.375 1.023182
349 50.41626 49.375 1.04126
350 50.41987 49.46289 0.9569778
351 50.409 49.46289 0.9461098
352 50.38367 49.46289 0.9207764
353 50.34387 49.55078 0.7930908
354 50.28966 49.55078 0.7388726
355 50.22105 49.63867 0.5823708
356 50.13808 49.72656 0.4115143
357 50.04082 49.72656 0.314251
358 49.92932 49.81446 0.11486816
359 49.80366 49.81446 -0.010799408
360 49.6639 49.81446 -0.1505547
361 49.51016 49.90235 -0.392189
362 49.34251 49.90235 -0.5598374
363 49.16106 49.90235 -0.7412873
364 48.96593 49.90235 -0.9364128
365 48.75725 49.90235 -1.1451
366 48.53514 49.90235 -1.367207
367 48.29973 49.90235 -1.602612
368 48.0512 49.90235 -1.851143
369 47.78969 49.90235 -2.112652
370 47.51537 49.90235 -2.386978
371 47.22839 49.90235 -2.673954
372 46.92897 49.81446 -2.885491
373 46.61726 49.72656 -3.109303
374 46.29349 49.55078 -3.257298
375 45.95785 49.19922 -3.241375
376 45.61054 48.84766 -3.237114
377 45.2518 48.40821 -3.156403
378 44.88185 47.96875 -3.086903
379 44.50092 47.5293 -3.028378
380 44.10925 47.08985 -2.980595
381 43.70709 46.82617 -3.11908
382 43.2947 46.47461 -3.179909
383 42.87233 45.85938 -2.987045
384 42.44026 44.7168 -2.276543
385 41.99874 44.27734 -2.278599
386 41.54807 43.75 -2.201927
387 41.08853 43.57422 -2.485691
388 40.6204 42.95899 -2.338581
389 40.14399 41.9043 -1.760304
390 39.6596 41.37696 -1.717358
391 39.16752 41.11328 -1.945759
392 38.66808 40.9375 -2.269425
393 38.16158 40.58593 -2.424351
394 37.64835 39.26758 -1.619225
395 37.12872 38.125 -0.9962845
396 36.603 37.77343 -1.170437
397 36.07153 37.77343 -1.701904
398 35.53465 37.86133 -2.326679
399 34.99269 37.1582 -2.165512
400 34.44602 35.3125 -0.8664856
401 33.89494 33.81836 0.07658005
402 33.33983 33.4668 -0.1269684
403 32.78103 33.73047 -0.94944
404 32.2189 33.99414 -1.775238
405 31.65379 33.73047 -2.076683
406 31.08606 33.81836 -2.732306
407 30.51606 33.90626 -3.390198
408 29.94416 32.85156 -2.907408
409 29.37071 30.21484 -0.8441315
410 28.79608 27.05078 1.745302
411 28.22064 25.11719 3.103455
412 27.64475 25.73242 1.912323
413 27.06876 25.82031 1.248447
414 26.49305 26.78711 -0.2940617
415 25.91797 27.22656 -1.308594
416 25.3439 27.8418 -2.497902
417 24.77118 27.92969 -3.158507
418 24.2002 27.75391 -3.553711
419 23.6313 27.66602 -4.034721
420 23.06484 26.43555 -3.370709
421 22.50119 24.32617 -1.824986
422 21.94069 21.42578 0.5149098
423 21.38371 18.96484 2.418865
424 20.83059 18.52539 2.305201
425 20.28169 18.61328 1.668406
426 19.73735 18.96484 0.772501
427 19.19791 20.19531 -0.997406
428 18.66371 20.45899 -1.795271
429 18.1351 20.63476 -2.499661
430 17.61241 20.63476 -3.022354
431 17.09596 20.72266 -3.626694
432 16.58609 20.19531 -3.609224
433 16.08311 18.96484 -2.881735
434 15.587342 16.85547 -1.268125
435 15.099103 14.218749 0.8803539
436 14.618696 12.197265 2.421432
437 14.146429 11.757812 2.388618
438 13.682596 11.845702 1.836894
439 13.227493 12.285155 0.942338
440 12.781405 13.515624 -0.7342186
441 12.344618 13.779296 -1.434678
442 11.917403 13.867187 -1.949783
443 11.500032 13.955077 -2.455045
444 11.092771 14.042968 -2.950197
445 10.695872 13.867187 -3.171314
446 10.30959 12.90039 -2.590799
447 9.934167 11.757812 -1.823645
448 9.569841 9.912109 -0.342268
449 9.216842 8.242187 0.9746552
450 8.875392 7.363281 1.512111
451 8.545709 7.275392 1.270317
452 8.227998 7.363281 0.8647165
453 7.922463 8.066406 -0.1439433
454 7.629294 8.242187 -0.6128927
455 7.348679 8.330078 -0.9813995
456 7.080793 8.330078 -1.249285
457 6.825806 8.417969 -1.592163
458 6.583879 8.505859 -1.92198
459 6.355165 8.330078 -1.974913
460 6.139809 7.802735 -1.662926
461 5.937946 7.09961 -1.161664
462 5.749704 6.044922 -0.2952185
463 5.575201 4.990235 0.5849667
464 5.414549 4.462891 0.9516578
465 5.267848 4.462891 0.8049574
466 5.135191 4.550781 0.5844102
467 5.016662 4.902344 0.11431885
468 4.912337 4.990235 -0.07789755
469 4.82228 4.990235 -0.1679549
470 4.746548 5.078125 -0.3315768
471 4.68519 5.078125 -0.3929353
472 4.638245 5.253906 -0.6156612
473 4.605741 5.253906 -0.6481648
474 4.5877 5.166016 -0.5783162
475 4.584131 4.814453 -0.2303219
476 4.59504 4.462891 0.1321492
477 4.620418 4.375 0.2454176
478 4.660249 4.375 0.2852483
479 4.714507 4.375 0.3395066
480 4.783159 4.462891 0.3202682
481 4.866162 4.462891 0.4032712
482 4.963463 4.462891 0.5005718
483 5.075 4.550781 0.5242186
484 5.200702 4.550781 0.6499214
485 5.340492 4.726563 0.6139298
486 5.494281 4.814453 0.6798272
487 5.66197 4.814453 0.8475165
488 5.843454 4.902344 0.9411106
489 6.038619 5.078125 0.9604936
490 6.247341 5.253906 0.9934349
491 6.469489 5.341797 1.127692
492 6.704922 5.517578 1.187344
493 6.953491 5.78125 1.172241
494 7.21504 6.044922 1.170118
495 7.489404 6.220703 1.268701
496 7.776407 6.572266 1.204142
497 8.075871 6.835938 1.239933
498 8.387605 7.09961 1.287995
499 8.711411 7.275392 1.43602
500 9.04709 7.626953 1.420137
501 9.394423 8.066406 1.328016
502 9.753195 8.330078 1.423117
503 10.123178 8.505859 1.617318
504 10.504137 8.945312 1.558826
505 10.895834 9.384767 1.511067
506 11.298019 9.824219 1.473801
507 11.71044 10.175781 1.534658
508 12.132835 10.615234 1.517601
509 12.564939 11.230469 1.334471
510 13.006478 11.757812 1.248667
511 13.457173 12.285155 1.172018
512 13.916739 12.636718 1.280022
513 14.384887 13.164062 1.220825
514 14.861319 13.603515 1.257804
515 15.345736 14.218749 1.126987
516 15.837831 14.658202 1.179629
517 16.3373 15.185546 1.15175
518 16.84381 15.624999 1.218812
519 17.35706 16.15234 1.204716
520 17.87672 16.67969 1.197027
521 18.40245 17.20703 1.195419
522 18.93393 17.82226 1.11167
523 19.47083 18.34961 1.12122
524 20.0128 18.61328 1.399515
525 20.5595 19.14063 1.418871
526 21.11058 19.66797 1.442614
527 21.6657 20.54688 1.118826
528 22.22451 21.33789 0.8866177
529 22.78665 21.77735 1.009306
530 23.35177 22.04101 1.310757
531 23.91951 22.2168 1.702711
532 24.48952 22.83203 1.657484
533 25.06142 23.97461 1.086811
534 25.63487 24.94141 0.6934624
535 26.2095 25.29297 0.9165268
536 26.78494 25.20508 1.579863
537 27.36084 25.29297 2.067869
538 27.93683 26.43555 1.501278
539 28.51254 27.75391 0.7586308
540 29.08761 28.45703 0.630579
541 29.66168 28.45703 1.204649
542 30.23439 28.54492 1.689467
543 30.80537 29.07227 1.733103
544 31.37427 30.39063 0.9836388
545 31.94072 31.35742 0.583292
546 32.50436 31.44531 1.059048
547 33.06485 31.5332 1.531643
548 33.62182 32.06055 1.561268
549 34.17492 33.29102 0.8839073
550 34.72382 33.99414 0.7296791
551 35.26814 34.16992 1.098221
552 35.80757 34.3457 1.461865
553 36.34174 35.04883 1.292915
554 36.87034 36.01563 0.8547134
555 37.39302 36.54297 0.8500481
556 37.90945 36.89453 1.014915
557 38.41931 37.07031 1.348991
558 38.92226 37.77343 1.148827
559 39.41801 38.47656 0.9414444
560 39.90622 39.00391 0.902317
561 40.38661 39.26758 1.119034
562 40.85886 39.79492 1.063934
563 41.32267 40.41016 0.9125099
564 41.77775 40.84961 0.9281349
565 42.22381 41.11328 1.110527
566 42.66057 41.46484 1.195728
567 43.08776 42.08008 1.007675
568 43.5051 42.78321 0.7218972
569 43.91233 43.22266 0.6896744
570 44.3092 43.39844 0.9107666
571 44.69546 43.57422 1.121235
572 45.07085 44.10156 0.9692841
573 45.43514 44.89258 0.5425606
574 45.78811 45.24414 0.5439682
575 46.12953 45.33203 0.7974968
576 46.45918 45.41992 1.039257
577 46.77686 45.6836 1.093262
578 47.08236 46.03516 1.047199
579 47.37549 46.38672 0.9887733
580 47.65608 46.47461 1.181465
581 47.92392 46.73828 1.185638
582 48.17888 47.08985 1.089031
583 48.42076 47.44141 0.9793549
584 48.64944 47.61719 1.032253
585 48.86476 47.88086 0.9838982
586 49.06658 48.14453 0.9220505
587 49.2548 48.32031 0.9344826
588 49.42926 48.4961 0.9331627
589 49.58987 48.75977 0.830101
590 49.73654 49.02344 0.7130966
591 49.86915 49.19922 0.6699295
592 49.98764 49.19922 0.7884178
593 50.09193 49.19922 0.892704
594 50.18194 49.28711 0.8948326
595 50.25764 49.28711 0.9705238
596 50.31896 49.28711 1.031845
597 50.36586 49.375 0.99086
598 50.39833 49.375 1.023323
599 50.41633 49.46289 0.953434
600 50.41986 49.46289 0.9569626
601 50.40891 49.46289 0.9460144
602 50.38349 49.55078 0.8327027
603 50.34362 49.55078 0.7928353
604 50.28932 49.63867 0.6506424
605 50.22063 49.72656 0.4940605
606 50.13759 49.72656 0.4110222
607 50.04024 49.72656 0.3136788
608 49.92867 49.72656 0.2021027
609 49.80293 49.81446 -0.011528015
610 49.6631 49.81446 -0.1513596
611 49.50927 49.81446 -0.3051872
612 49.34154 49.81446 -0.4729119
613 49.16002 49.81446 -0.6544342
614 48.96482 49.90235 -0.9375305
615 48.75606 49.81446 -1.058395
616 48.53387 49.81446 -1.280582
617 48.29841 49.81446 -1.516048
618 48.0498 49.81446 -1.764652
619 47.78821 49.81446 -2.026245
620 47.51382 49.90235 -2.388531
621 47.22678 49.81446 -2.587677
622 46.92728 49.72656 -2.799282
623 46.61551 49.55078 -2.935272
624 46.29167 49.375 -3.083336
625 45.95596 49.02344 -3.067478
626 45.6086 48.67188 -3.063282
627 45.24979 48.32031 -3.070522
628 44.87978 47.88086 -3.00108
629 44.49879 47.5293 -3.030506
630 44.10707 46.91406 -2.806996
631 43.70485 46.29883 -2.593983
632 43.2924 45.94727 -2.654865
633 42.86998 45.6836 -2.813618
634 42.43785 45.50781 -3.069965
635 41.99629 44.62891 -2.632622
636 41.54556 43.39844 -1.852871
637 41.08597 42.8711 -1.785122
638 40.6178 42.78321 -2.165402
639 40.14135 42.78321 -2.641857
640 39.65691 42.08008 -2.423168
641 39.16479 40.84961 -1.684818
642 38.66531 39.88281 -1.217503
643 38.15878 39.61914 -1.460362
644 37.64551 39.61914 -1.973629
645 37.12584 39.53126 -2.405419
646 36.60008 38.38867 -1.78859
647 36.06859 37.07031 -1.001728
648 35.53167 36.45508 -0.9234047
649 34.98969 36.45508 -1.465385
650 34.44298 36.89453 -2.45155
651 33.89189 36.36719 -2.4753
652 33.33676 34.4336 -1.096836
653 32.77794 32.14843 0.6295052
654 32.21579 31.35742 0.8583641
655 31.65066 31.6211 0.02956772
656 31.08291 31.88477 -0.8018551
657 30.5129 32.06055 -1.547648
658 29.94099 31.88477 -1.943773
659 29.36754 32.32422 -2.95668
660 28.79291 32.23633 -3.443421
661 28.21747 32.32422 -4.106754
662 27.64157 31.70899 -4.067417
663 27.06558 28.8086 -1.743015
664 26.48987 25.46875 1.021118
665 25.9148 22.2168 3.698002
666 25.34073 21.42578 3.91495
667 24.76803 21.77735 2.990681
668 24.19705 22.83203 1.365019
669 23.62816 24.0625 -0.4343395
670 23.06172 25.0293 -1.967579
671 22.49808 25.20508 -2.706995
672 21.93761 24.94141 -3.003801
