1 0.0 0.0 0.0
2 0.0 0.0 0.0
3 0.0 0.0 0.0
4 0.0 0.0 0.0
5 0.0 0.0 0.0
6 0.0 0.0 0.0
7 0.0 0.0 0.0
8 0.0 0.0 0.0
9 0.0 0.0 0.0
10 0.0 0.0 0.0
11 0.0 0.0 0.0
12 0.0 0.0 0.0
13 0.0 0.0 0.0
14 0.0 0.0 0.0
15 0.0 0.0 0.0
16 0.0 0.0 0.0
17 0.0 0.0 0.0
18 0.0 0.0 0.0
19 0.0 0.0 0.0
20 0.0 0.0 0.0
21 0.0 0.0 0.0
22 0.0 0.0 0.0
23 0.0 0.0 0.0
24 0.0 0.0 0.0
25 0.0 0.0 0.0
26 0.0 0.0 0.0
27 0.0 0.0 0.0
28 0.0 0.0 0.0
29 0.0 0.0 0.0
30 0.0 0.0 0.0
31 0.0 0.0 0.0
32 0.0 0.0 0.0
33 0.0 0.0 0.0
34 0.0 0.0 0.0
35 0.0 0.0 0.0
36 0.0 0.0 0.0
37 0.0 0.0 0.0
38 0.0 0.0 0.0
39 0.0 0.0 0.0
40 0.0 0.0 0.0
41 0.0 0.0 0.0
42 0.0 0.0 0.0
43 0.0 0.0 0.0
44 0.0 0.0 0.0
45 0.0 0.0 0.0
46 0.0 0.0 0.0
47 0.0 0.0 0.0
48 0.0 0.0 0.0
49 0.0 0.0 0.0
50 0.0 0.0 0.0
51 0.0 0.0 0.0
52 0.0 0.0 0.0
53 0.0 0.0 0.0
54 0.0 0.0 0.0
55 0.0 0.0 0.0
56 0.0 0.0 0.0
57 0.0 0.0 0.0
58 0.0 0.0 0.0
59 0.0 0.0 0.0
60 0.0 0.0 0.0
61 0.0 0.0 0.0
62 0.0 0.0 0.0
63 0.0 0.0 0.0
64 0.0 0.0 0.0
65 0.0 0.0 0.0
66 0.0 0.0 0.0
67 0.0 0.0 0.0
68 0.0 0.0 0.0
69 0.0 0.0 0.0
70 0.0 0.0 0.0
71 0.0 0.0 0.0
72 0.0 0.0 0.0
73 0.0 0.0 0.0
74 0.0 0.0 0.0
75 0.0 0.0 0.0
76 0.0 0.0 0.0
77 0.0 0.0 0.0
78 0.0 0.0 0.0
79 0.0 0.0 0.0
80 0.0 0.0 0.0
81 0.0 0.0 0.0
82 0.0 0.0 0.0
83 0.0 0.0 0.0
84 0.0 0.0 0.0
85 0.0 0.0 0.0
86 0.0 0.0 0.0
87 0.0 0.0 0.0
88 0.0 0.0 0.0
89 0.0 0.0 0.0
90 0.0 0.0 0.0
91 0.0 0.0 0.0
92 0.0 0.0 0.0
93 0.0 0.0 0.0
94 0.0 0.0 0.0
95 0.0 0.0 0.0
96 0.0 0.0 0.0
97 0.0 0.0 0.0
98 0.0 0.0 0.0
99 0.0 0.0 0.0
100 0.0 0.0 0.0
101 0.0 0.0 0.0
102 0.0 0.0 0.0
103 0.0 0.0 0.0
104 0.0 0.0 0.0
105 0.0 0.0 0.0
106 0.0 0.0 0.0
107 0.0 0.0 0.0
108 0.0 0.0 0.0
109 0.0 0.0 0.0
110 0.0 0.0 0.0
111 0.0 0.0 0.0
112 0.0 0.0 0.0
113 0.0 0.0 0.0
114 0.0 0.0 0.0
115 0.0 0.0 0.0
116 0.0 0.0 0.0
117 0.0 0.0 0.0
118 0.0 0.0 0.0
119 0.0 0.0 0.0
120 0.0 0.0 0.0
121 0.0 0.0 0.0
122 0.0 0.0 0.0
123 0.0 0.0 0.0
124 0.0 0.0 0.0
125 0.0 0.0 0.0
126 0.0 0.0 0.0
127 0.0 0.0 0.0
128 0.0 0.0 0.0
129 0.0 0.0 0.0
130 0.0 0.0 0.0
131 0.0 0.0 0.0
132 0.0 0.0 0.0
133 0.0 0.0 0.0
134 0.0 0.0 0.0
135 0.0 0.0 0.0
136 0.0 0.0 0.0
137 0.0 0.0 0.0
138 0.0 0.0 0.0
139 0.0 0.0 0.0
140 0.0 0.0 0.0
141 0.0 0.0 0.0
142 0.0 0.0 0.0
143 0.0 0.0 0.0
144 0.0 0.0 0.0
145 0.0 0.0 0.0
146 0.0 0.0 0.0
147 0.0 0.0 0.0
148 0.0 0.0 0.0
149 0.0 0.0 0.0
150 0.0 0.0 0.0
151 0.0 0.0 0.0
152 0.0 0.0 0.0
153 0.0 0.0 0.0
154 0.0 0.0 0.0
155 0.0 0.0 0.0
156 0.0 0.0 0.0
157 0.0 0.0 0.0
158 0.0 0.0 0.0
159 0.0 0.0 0.0
160 0.0 0.0 0.0
161 0.0 0.0 0.0
162 0.0 0.0 0.0
163 0.0 0.0 0.0
164 0.0 0.0 0.0
165 0.0 0.0 0.0
166 0.0 0.0 0.0
167 0.0 0.0 0.0
168 0.0 0.0 0.0
169 0.0 0.0 0.0
170 0.0 0.0 0.0
171 0.0 0.0 0.0
172 0.0 0.0 0.0
173 0.0 0.0 0.0
174 0.0 0.0 0.0
175 0.0 0.0 0.0
176 0.0 0.0 0.0
177 0.0 0.0 0.0
178 0.0 0.0 0.0
179 0.0 0.0 0.0
180 0.0 0.0 0.0
181 0.0 0.0 0.0
182 0.0 0.0 0.0
183 0.0 0.0 0.0
184 0.0 0.0 0.0
185 0.0 0.0 0.0
186 0.0 0.0 0.0
187 0.0 0.0 0.0
188 0.0 0.0 0.0
189 0.0 0.0 0.0
190 0.0 0.0 0.0
191 0.0 0.0 0.0
192 0.0 0.0 0.0
193 0.0 0.0 0.0
194 0.0 0.0 0.0
195 0.0 0.0 0.0
196 0.0 0.0 0.0
197 0.0 0.0 0.0
198 0.0 0.0 0.0
199 0.0 0.0 0.0
200 0.0 0.0 0.0
201 0.0 0.0 0.0
202 -0.2199921 -0.07823296 -0.1417592
203 -0.2199685 -0.07823296 -0.1417355
204 -0.219929 -0.07669898 -0.14323
205 -0.2198737 -0.07669898 -0.1431748
206 -0.2198027 -0.07823296 -0.1415697
207 -0.2197159 -0.07823296 -0.1414829
208 -0.2196133 -0.07823296 -0.1413803
209 -0.2194949 -0.07823296 -0.1412619
210 -0.2193607 -0.07669898 -0.1426618
211 -0.2192108 -0.07669898 -0.1425119
212 -0.2190451 -0.07209704 -0.1469481
213 -0.2188637 -0.07209704 -0.1467667
214 -0.2186665 -0.06596113 -0.1527054
215 -0.2184536 -0.06596113 -0.1524925
216 -0.218225 -0.06289316 -0.1553318
217 -0.2179806 -0.06289316 -0.1550874
218 -0.2177205 -0.05829123 -0.1594293
219 -0.2174448 -0.05829123 -0.1591535
220 -0.2171533 -0.04908735 -0.1680659
221 -0.2168461 -0.04908735 -0.1677588
222 -0.2165233 -0.04755337 -0.16897
223 -0.2161849 -0.04755337 -0.1686315
224 -0.2158307 -0.09203877 -0.12379196
225 -0.215461 -0.09203877 -0.12342223
226 -0.2150757 -0.1825436 -0.03253208
227 -0.2146747 -0.1825436 -0.03213114
228 -0.2142582 -0.2224271 0.008168862
229 -0.2138261 -0.2224271 0.00860095
230 -0.2133785 -0.2116892 -0.00168927
231 -0.2129153 -0.2116892 -0.001226097
232 -0.2124366 -0.2116892 -0.0007474274
233 -0.2119424 -0.2116892 -0.0002532452
234 -0.2114328 -0.2377668 0.02633405
235 -0.2109077 -0.2377668 0.02685915
236 -0.2103672 -0.2561746 0.04580745
237 -0.2098112 -0.2561746 0.04636339
238 -0.2092399 -0.2638445 0.05460462
239 -0.2086532 -0.2638445 0.05519131
240 -0.2080511 -0.2607765 0.05272539
241 -0.2074338 -0.2607765 0.05334275
242 -0.2068011 -0.2577086 0.05090744
243 -0.2061532 -0.2577086 0.05155535
244 -0.20549 -0.2653785 0.05988845
245 -0.2048116 -0.2653785 0.06056685
246 -0.2041181 -0.2730484 0.06893032
247 -0.2034093 -0.2730484 0.06963906
248 -0.2026854 -0.2791843 0.07649885
249 -0.2019464 -0.2791843 0.07723785
250 -0.2011924 -0.2822523 0.08105988
251 -0.2004233 -0.2822523 0.081829
252 -0.1996391 -0.2822523 0.08261313
253 -0.19884 -0.2822523 0.08341226
254 -0.1980259 -0.2791843 0.08115836
255 -0.1971969 -0.2791843 0.08198737
256 -0.196353 -0.2776503 0.08129727
257 -0.1954943 -0.2776503 0.08215602
258 -0.1946207 -0.2745823 0.07996163
259 -0.1937323 -0.2745823 0.08084999
260 -0.1928292 -0.2730484 0.08021915
261 -0.1919114 -0.2730484 0.08113699
262 -0.1909789 -0.2699804 0.07900153
263 -0.1900317 -0.2699804 0.0799487
264 -0.1890699 -0.2684464 0.07937649
265 -0.1880936 -0.2684464 0.08035283
266 -0.1871027 -0.2684464 0.08134371
267 -0.1829947 -0.2653785 0.08238378
268 -0.1786574 -0.2653785 0.08672108
269 -0.1740936 -0.2653785 0.09128492
270 -0.1693061 -0.2653785 0.09607241
271 -0.164298 -0.2669124 0.10261448
272 -0.1590724 -0.2638445 0.10477211
273 -0.1536326 -0.2515727 0.09794
274 -0.1479822 -0.2346989 0.08671671
275 -0.1421245 -0.2208931 0.07876852
276 -0.1360634 -0.2101552 0.07409176
277 -0.1298027 -0.1840776 0.05427483
278 -0.12334632 -0.1564659 0.0331196
279 -0.11669832 -0.147262 0.03056372
280 -0.10986292 -0.1441941 0.03433117
281 -0.10284443 -0.1426601 0.03981567
282 -0.0956473 -0.1411261 0.04547883
283 -0.08827606 -0.1411261 0.05285007
284 -0.08073538 -0.1273203 0.04658493
285 -0.07303 -0.10737857 0.03434857
286 -0.06516481 -0.09510674 0.02994193
287 -0.05714477 -0.08897081 0.03182604
288 -0.04897495 -0.08436888 0.03539393
289 -0.0406605 -0.0828349 0.04217441
290 -0.03220667 -0.05675724 0.02455057
291 -0.02361881 -0.03221357 0.008594755
292 -0.014902346 -0.012271836 -0.00263051
293 -0.006062774 -0.012271836 0.006209063
294 0.002894319 -0.012271836 0.015166156
295 0.011963275 -0.012271836 0.02423511
296 0.02113837 -0.012271836 0.0334102
297 0.0304138 -0.015339796 0.04575359
298 0.03978371 -0.01687378 0.05665749
299 0.04924219 -0.012271836 0.06151403
300 0.05878331 0.010737857 0.04804545
301 0.06840117 0.05062133 0.01777984
302 0.07808952 0.08743683 -0.009347312
303 0.08784224 0.1257863 -0.03794408
304 0.09765317 0.1303883 -0.03273509
305 0.10751612 0.1365242 -0.02900807
306 0.11742485 0.1365242 -0.01909933
307 0.1273731 0.1365242 -0.009151071
308 0.1373546 0.1349902 0.002364412
309 0.1473631 0.1303883 0.01697479
310 0.1573921 0.11965041 0.03774169
311 0.1674354 0.11351448 0.05392094
312 0.1774867 0.11351448 0.06397222
313 0.1875396 0.12271836 0.06482119
314 0.1975876 0.11811642 0.07947122
315 0.2076246 0.1288543 0.07877036
316 0.2176442 0.148796 0.06884815
317 0.2276399 0.1948154 0.03282452
318 0.2376056 0.2408348 -0.003229201
319 0.2475349 0.2791843 -0.03164941
320 0.2574215 0.3083299 -0.05090839
321 0.2672592 0.3129318 -0.04567263
322 0.2770418 0.3175338 -0.04049197
323 0.2867631 0.3175338 -0.03077066
324 0.296417 0.3159998 -0.01958281
325 0.3059973 0.3098639 -0.003866553
326 0.3154981 0.2899222 0.02557591
327 0.3249132 0.2730484 0.05186484
328 0.3342368 0.2669124 0.0673244
329 0.343463 0.2684464 0.07501662
330 0.352586 0.2761163 0.07646966
331 0.3615999 0.2837862 0.07781372
332 0.3704991 0.303728 0.06677118
333 0.379278 0.3374755 0.04180253
334 0.3879311 0.3696891 0.018242
335 0.3964528 0.4126405 -0.01618776
336 0.4048377 0.4387182 -0.03388041
337 0.4130807 0.4356502 -0.02256954
338 0.4211764 0.4402522 -0.01907575
339 0.4291198 0.4417861 -0.012666345
340 0.4369058 0.4417861 -0.004880309
341 0.4445296 0.4402522 0.004277408
342 0.4519862 0.4310483 0.02093795
343 0.4592711 0.4172425 0.04202864
344 0.4663795 0.4141745 0.05220506
345 0.4733071 0.4157085 0.05759862
346 0.4800494 0.4203104 0.059739
347 0.4866022 0.4295143 0.05708787
348 0.4929613 0.4341162 0.05884505
349 0.4991227 0.452524 0.04659873
350 0.5050826 0.4970094 0.008073181
351 0.5108371 0.5353589 -0.02452177
352 0.5163827 0.5798443 -0.06346166
353 0.5217157 0.6059219 -0.08420622
354 0.5268329 0.604388 -0.07755506
355 0.5317311 0.6105239 -0.07879281
356 0.536407 0.6074559 -0.07104892
357 0.5408579 0.5936501 -0.05279225
358 0.5450808 0.5721744 -0.02709359
359 0.5490731 0.5399608 0.009112298
360 0.5528323 0.5215531 0.03127927
361 0.556356 0.5031453 0.05321068
362 0.559642 0.5077473 0.05189473
363 0.5626881 0.5108152 0.05187291
364 0.5654925 0.5123492 0.05314332
365 0.5680535 0.5184851 0.04956842
366 0.5703693 0.5460968 0.02427256
367 0.5724386 0.5675724 0.004866123
368 0.57426 0.5783103 -0.004050374
369 0.5758323 0.5798443 -0.004012048
370 0.5771546 0.5813782 -0.004223645
371 0.5782261 0.5813782 -0.003152192
372 0.5790459 0.5813782 -0.00233233
373 0.5796138 0.5783103 0.001303434
374 0.5799292 0.5706404 0.009288788
375 0.579992 0.5752424 0.004749656
376 0.5798022 0.5737084 0.0060938
377 0.5793599 0.5706404 0.008719444
378 0.5786652 0.5706404 0.008024812
379 0.5777188 0.5721744 0.005544365
380 0.5765211 0.5706404 0.005880714
381 0.575073 0.5675724 0.00750053
382 0.5733753 0.5629705 0.010404766
383 0.5714292 0.5660385 0.005390704
384 0.5692358 0.5675724 0.001663327
385 0.5667965 0.5752424 -0.008445859
386 0.5641129 0.5798443 -0.01573139
387 0.5611868 0.5829122 -0.02172548
388 0.5580198 0.5829122 -0.02489245
389 0.554614 0.5829122 -0.0282982
390 0.5509717 0.5813782 -0.0304066
391 0.5470949 0.5783103 -0.03121543
392 0.5429864 0.5737084 -0.03072202
393 0.5386485 0.5721744 -0.03352589
394 0.5340841 0.5660385 -0.03195435
395 0.5292961 0.5506987 -0.0214026
396 0.5242874 0.5399608 -0.01567346
397 0.5190612 0.526155 -0.007093787
398 0.5136209 0.5138832 -0.0002623201
399 0.5079698 0.5169511 -0.008981287
400 0.5021117 0.5154171 -0.013305426
401 0.49605 0.5169511 -0.02090108
402 0.4897887 0.5200191 -0.03023037
403 0.4833317 0.526155 -0.04282329
404 0.4766831 0.527689 -0.05100587
405 0.4698472 0.527689 -0.05784184
406 0.4628281 0.526155 -0.06332693
407 0.4556304 0.5154171 -0.05978674
408 0.4482586 0.4954754 -0.04721684
409 0.4407173 0.4739997 -0.0332824
410 0.4330114 0.449456 -0.01644465
411 0.4251456 0.4218444 0.003301233
412 0.417125 0.3942328 0.02289224
413 0.4089546 0.378893 0.03006163
414 0.4006396 0.3850289 0.015610725
415 0.3921853 0.3819609 0.010224342
416 0.3835969 0.3834949 0.00010195374
417 0.3748798 0.3942328 -0.01935291
418 0.3660398 0.4080386 -0.04199881
419 0.3570822 0.4187764 -0.06169427
420 0.3480127 0.4141745 -0.06616178
421 0.3388371 0.4187764 -0.07993931
422 0.3295612 0.4141745 -0.08461326
423 0.3201908 0.4141745 -0.09398365
424 0.3107319 0.4019027 -0.09117079
425 0.3011904 0.3819609 -0.08077055
426 0.2915723 0.3405435 -0.04897115
427 0.2818838 0.2883882 -0.006504387
428 0.2721309 0.2408348 0.03129609
429 0.2623198 0.1856115 0.07670827
430 0.2524567 0.15033 0.1021267
431 0.2425479 0.1441941 0.09835377
432 0.2325995 0.1457281 0.08687145
433 0.2226179 0.1610679 0.06155007
434 0.2126094 0.1978834 0.014726058
435 0.2025803 0.223961 -0.02138069
436 0.192537 0.2454367 -0.05289978
437 0.1824857 0.2454367 -0.06295106
438 0.1724328 0.2485047 -0.07607186
439 0.1623848 0.2684464 -0.10606167
440 0.1523478 0.2607765 -0.10842872
441 0.1423283 0.2531066 -0.11077829
442 0.1323327 0.2346989 -0.10236622
443 0.12236708 0.2024853 -0.08011822
444 0.1124379 0.1733397 -0.06090179
445 0.10255141 0.1349902 -0.03243879
446 0.09271383 0.08590285 0.006810978
447 0.0829314 0.03834949 0.04458191
448 0.07321027 0.006135918 0.06707435
449 0.0635566 -0.01994173 0.08349833
450 0.05397648 -0.01687378 0.07085026
451 0.04447596 -0.02300969 0.06748566
452 0.03506104 -0.01687378 0.05193482
453 0.02573768 0.012271836 0.01346584
454 0.01651175 0.03834949 -0.02183773
455 0.007389095 0.05982521 -0.05243611
456 -0.001624533 0.05829123 -0.05991576
457 -0.010523438 0.06135918 -0.07188262
458 -0.019302 0.06289316 -0.08219517
459 -0.02795467 0.06289316 -0.09084783
460 -0.03647599 0.05215531 -0.08863129
461 -0.04486057 0.03528153 -0.0801421
462 -0.05310312 0.015339796 -0.06844291
463 -0.06119843 -0.004601939 -0.05659649
464 -0.06914138 -0.02914561 -0.03999577
465 -0.07692697 -0.05522327 -0.02170371
466 -0.08455026 -0.0828349 -0.001715362
467 -0.09200646 -0.11198051 0.01997405
468 -0.09929084 -0.1349902 0.03569936
469 -0.10639881 -0.1549319 0.04853313
470 -0.11332587 -0.1672038 0.0538779
471 -0.12006766 -0.1672038 0.04713612
472 -0.1266199 -0.1610679 0.03444795
473 -0.1329785 -0.1564659 0.02348744
474 -0.1391394 -0.1411261 0.001986772
475 -0.1450987 -0.1334562 -0.011642441
476 -0.1508526 -0.1334562 -0.01739638
477 -0.1563976 -0.1319223 -0.02447532
478 -0.16173 -0.1319223 -0.02980779
479 -0.1668467 -0.1319223 -0.03492442
480 -0.1717442 -0.1319223 -0.03982195
481 -0.1764196 -0.1319223 -0.04449733
482 -0.1808698 -0.1303883 -0.05048153
483 -0.1850921 -0.1334562 -0.05163586
484 -0.1890838 -0.1395921 -0.04949162
485 -0.1928423 -0.147262 -0.04558026
486 -0.1963653 -0.1672038 -0.02916156
487 -0.1996507 -0.2009513 0.001300678
488 -0.2026962 -0.2224271 0.0197309
489 -0.2054999 -0.2377668 0.03226692
490 -0.2080602 -0.2439028 0.03584257
491 -0.2103754 -0.2454367 0.03506139
492 -0.2124439 -0.2439028 0.03145884
493 -0.2142646 -0.2393008 0.02503623
494 -0.2158363 -0.228563 0.012726709
495 -0.2171579 -0.2178251 0.0006672442
496 -0.2182286 -0.2147572 -0.003471464
497 -0.2190478 -0.2147572 -0.004290685
498 -0.219615 -0.2132232 -0.006391824
499 -0.2199297 -0.2132232 -0.006706566
500 -0.2199919 -0.2132232 -0.006768689
501 -0.2198013 -0.2132232 -0.006578148
502 -0.2193583 -0.2132232 -0.006135091
503 -0.2186629 -0.2116892 -0.006973744
504 -0.2177158 -0.2101552 -0.007560581
505 -0.2165174 -0.2086212 -0.007896215
506 -0.2150686 -0.2101552 -0.00491342
507 -0.2133703 -0.2101552 -0.00321506
508 -0.2114235 -0.2132232 0.001799718
509 -0.2092294 -0.2162911 0.00706175
510 -0.2067894 -0.2193591 0.012569636
511 -0.2041052 -0.2224271 0.01832184
512 -0.2011783 -0.2224271 0.02124871
513 -0.1980107 -0.2224271 0.02441634
514 -0.1946043 -0.2224271 0.02782275
515 -0.1909613 -0.2224271 0.03146577
516 -0.1870839 -0.2208931 0.03380913
517 -0.1829747 -0.2116892 0.02871445
518 -0.1786362 -0.2024853 0.02384906
519 -0.1740712 -0.1963494 0.02227816
520 -0.1692826 -0.1917474 0.02246489
521 -0.1642733 -0.1902135 0.0259402
522 -0.1590465 -0.1886795 0.02963296
523 -0.1536056 -0.1840776 0.03047192
524 -0.147954 -0.1764077 0.02845365
525 -0.1420952 -0.1687378 0.02664253
526 -0.136033 -0.1641358 0.02810283
527 -0.1297711 -0.1595339 0.02976273
528 -0.12331362 -0.1549319 0.03161831
529 -0.11666451 -0.147262 0.03059752
530 -0.10982802 -0.1411261 0.03129811
531 -0.10280845 -0.1319223 0.02911379
532 -0.09561025 -0.1273203 0.03171005
533 -0.08823796 -0.11811642 0.02987846
534 -0.08069624 -0.10891255 0.02821631
535 -0.07298985 -0.09510674 0.02211689
536 -0.06512366 -0.08590285 0.02077919
537 -0.05710264 -0.08130092 0.02419828
538 -0.04893185 -0.07823296 0.02930111
539 -0.04061646 -0.07209704 0.03148059
540 -0.03216171 -0.05982521 0.0276635
541 -0.02357295 -0.04908735 0.0255144
542 -0.014855608 -0.03681551 0.0219599
543 -0.006015184 -0.02607765 0.02006247
544 0.002942738 -0.01994173 0.02288447
545 0.012012497 -0.013805816 0.02581831
546 0.02118837 -0.010737857 0.03192622
547 0.03046455 0.003067959 0.02739659
548 0.03983518 0.01687378 0.02296141
549 0.04929436 0.02761163 0.02168272
550 0.05883609 0.03681551 0.02202058
551 0.06845435 0.05062133 0.01783302
552 0.07814307 0.05522327 0.02291981
553 0.08789613 0.06902908 0.01886705
554 0.09770736 0.07209704 0.02561032
555 0.10757058 0.08436888 0.02320171
556 0.11747955 0.0905048 0.02697475
557 0.127428 0.09970867 0.02771934
558 0.1374097 0.11504847 0.02236121
559 0.1474182 0.1334562 0.013962016
560 0.1574474 0.15033 0.007117391
561 0.1674908 0.1549319 0.012558848
562 0.1775421 0.1579999 0.01954219
563 0.1875949 0.1579999 0.02959503
564 0.197643 0.1579999 0.03964308
565 0.2076799 0.1641358 0.04354406
566 0.2176993 0.1825436 0.03515573
567 0.2276949 0.2147572 0.012937754
568 0.2376604 0.2408348 -0.003174409
569 0.2475895 0.2592425 -0.011653095
570 0.2574758 0.2684464 -0.010970592
571 0.2673133 0.2699804 -0.002667159
572 0.2770955 0.2715144 0.005581141
573 0.2868165 0.2715144 0.015302092
574 0.29647 0.2699804 0.02648956
575 0.3060499 0.2638445 0.04220537
576 0.3155502 0.2607765 0.05477363
577 0.3249648 0.2592425 0.06572229
578 0.3342879 0.2638445 0.07044342
579 0.3435136 0.2699804 0.07353318
580 0.352636 0.2945241 0.05811188
581 0.3616493 0.3466794 0.014969856
582 0.3705478 0.3926988 -0.02215093
583 0.3793261 0.4279803 -0.04865426
584 0.3879784 0.4571259 -0.06914753
585 0.3964993 0.454058 -0.0575586
586 0.4048835 0.4601939 -0.05531037
587 0.4131257 0.4571259 -0.04400024
588 0.4212206 0.452524 -0.03130341
589 0.4291631 0.4356502 -0.006487102
590 0.4369483 0.4111065 0.02584171
591 0.4445711 0.4003687 0.04420242
592 0.4520268 0.3926988 0.05932805
593 0.4593107 0.3973007 0.06201002
594 0.4664182 0.4034366 0.06298155
595 0.4733448 0.4080386 0.06530619
596 0.480086 0.4203104 0.05977559
597 0.4866377 0.4463881 0.04024968
598 0.4929958 0.4663298 0.02666599
599 0.4991561 0.4985434 0.0006127358
600 0.5051148 0.527689 -0.02257419
601 0.5108682 0.527689 -0.01682079
602 0.5164126 0.5322909 -0.01587832
603 0.5217445 0.5338249 -0.012080371
604 0.5268605 0.5338249 -0.006964386
605 0.5317574 0.530757 0.001000464
606 0.5364322 0.5200191 0.01641309
607 0.5408818 0.5184851 0.02239668
608 0.5451035 0.5123492 0.03275424
609 0.5490945 0.5123492 0.03674525
610 0.5528524 0.5215531 0.03129929
611 0.5563748 0.5215531 0.03482169
612 0.5596594 0.5184851 0.04117429
613 0.5627042 0.5200191 0.04268515
614 0.5655073 0.5338249 0.03168243
615 0.5680669 0.5737084 -0.005641461
616 0.5703814 0.604388 -0.03400654
617 0.5724493 0.6289317 -0.05648238
618 0.5742693 0.6319996 -0.05773026
619 0.5758403 0.6350675 -0.05922729
620 0.5771612 0.6366015 -0.05944038
621 0.5782312 0.6350675 -0.05683631
622 0.5790498 0.6227957 -0.04374594
623 0.5796162 0.598252 -0.01863581
624 0.5799303 0.5798443 8.59499E-05
625 0.5799917 0.5645045 0.015487134
626 0.5798005 0.5476308 0.0321697
627 0.5793567 0.5553006 0.02405608
628 0.5786607 0.5599026 0.01875812
629 0.5777129 0.5553006 0.02241224
630 0.5765138 0.5553006 0.02121318
631 0.5750643 0.5645045 0.010559797
632 0.5733652 0.5783103 -0.0049451
633 0.5714178 0.5829122 -0.011494458
634 0.569223 0.5844462 -0.015223205
635 0.5667824 0.5859802 -0.01919782
636 0.5640975 0.5921161 -0.02801865
637 0.5611699 0.5951841 -0.03401417
638 0.5580017 0.5905822 -0.0325805
639 0.5545946 0.5844462 -0.02985162
640 0.5509509 0.5798443 -0.02889341
641 0.5470729 0.5706404 -0.0235675
642 0.5429631 0.5583686 -0.015405476
643 0.538624 0.5445628 -0.005938828
644 0.5340584 0.5368929 -0.002834499
645 0.5292691 0.527689 0.00158006
646 0.5242592 0.5215531 0.002706111
647 0.5190318 0.526155 -0.007123173
648 0.5135904 0.524621 -0.011030674
649 0.5079381 0.527689 -0.01975089
650 0.5020788 0.5338249 -0.03174609
651 0.496016 0.5353589 -0.03934288
652 0.4897536 0.5322909 -0.0425373
653 0.4832956 0.5338249 -0.05052933
654 0.4766459 0.5353589 -0.05871296
655 0.4698089 0.530757 -0.06094805
656 0.4627888 0.527689 -0.06490016
657 0.4555902 0.5169511 -0.06136096
658 0.4482174 0.4862716 -0.03805414
659 0.4406752 0.4632618 -0.02258662
660 0.4329684 0.4264463 0.00652203
661 0.4251018 0.3911648 0.03393695
662 0.4170803 0.3620192 0.0550611
663 0.4089091 0.3620192 0.0468899
664 0.4005933 0.3620192 0.03857413
665 0.3921382 0.3650871 0.02705106
666 0.3835491 0.3865629 -0.00301379
667 0.3748314 0.3988347 -0.0240033
668 0.3659906 0.4203104 -0.0543198
669 0.3570324 0.4249124 -0.06787995
670 0.3479623 0.4295143 -0.08155197
671 0.3387862 0.4249124 -0.08612618
672 0.3295097 0.4264463 -0.09693661
673 0.3201389 0.4141745 -0.09403563
674 0.3106794 0.3942328 -0.08355332
675 0.3011375 0.3712231 -0.07008559
676 0.291519 0.3328736 -0.04135454
677 0.2818301 0.2776503 0.004179806
678 0.2720769 0.2346989 0.037378
679 0.2622655 0.1794756 0.08278987
680 0.2524021 0.148796 0.1036061
681 0.2424931 0.151864 0.09062907
682 0.2325445 0.15033 0.08221449
683 0.2225628 0.1764077 0.0461551
684 0.2125541 0.2055533 0.007000849
685 0.2025249 0.2362329 -0.03370793
686 0.1924815 0.2515727 -0.05909115
687 0.1824302 0.2469707 -0.06454054
688 0.1723773 0.2531066 -0.08072929
689 0.1623293 0.2669124 -0.10458311
690 0.1522925 0.2653785 -0.11308603
691 0.1422731 0.2454367 -0.10316364
692 0.1322776 0.2316309 -0.09935336
693 0.12231216 0.2009513 -0.07863917
694 0.11238321 0.1687378 -0.05635455
695 0.10249697 0.1257863 -0.02328935
696 0.09265968 0.07209704 0.02056264
697 0.08287756 0.02454367 0.05833389
698 0.07315679 -0.009203877 0.08236067
699 0.06350351 -0.02147571 0.08497922
700 0.05392381 -0.015339796 0.06926361
701 0.04442375 -0.01687378 0.06129752
702 0.03500932 0.003067959 0.03194136
703 0.02568648 0.03067959 -0.004993115
704 0.01646111 0.05368929 -0.03722818
705 0.007339034 0.05982521 -0.05248617
706 -0.001673977 0.06135918 -0.06303316
707 -0.010572232 0.06289316 -0.07346539
708 -0.01935011 0.06289316 -0.08224327
709 -0.02800208 0.06135918 -0.08936126
710 -0.03652265 0.04755337 -0.08407602
711 -0.04490647 0.02914561 -0.07405208
712 -0.05314822 0.010737857 -0.06388607
713 -0.0612427 -0.012271836 -0.04897086
714 -0.0691848 -0.03834949 -0.03083531
715 -0.0769695 -0.07056307 -0.006406434
716 -0.08459189 -0.09970867 0.015116781
717 -0.09204715 -0.12425234 0.0322052
718 -0.09933057 -0.1380582 0.03872759
719 -0.10643755 -0.1549319 0.04849439
720 -0.1133636 -0.1610679 0.04770426
721 -0.12010435 -0.151864 0.03175963
722 -0.1266556 -0.151864 0.02520843
723 -0.133013 -0.1395921 0.006579101
724 -0.1391728 -0.1319223 -0.007250563
725 -0.145131 -0.1288543 -0.0162767
726 -0.1508838 -0.1273203 -0.02356348
727 -0.1564276 -0.1273203 -0.02910727
728 -0.1617589 -0.1273203 -0.03443858
729 -0.1668743 -0.1273203 -0.039554
730 -0.1717706 -0.1257863 -0.04598432
731 -0.1764448 -0.12425234 -0.05219241
732 -0.1808937 -0.1257863 -0.05510742
733 -0.1851147 -0.1319223 -0.0531925
734 -0.1891051 -0.1395921 -0.049513
735 -0.1928624 -0.1595339 -0.03332852
736 -0.1963841 -0.1963494 -3.473461E-05
737 -0.1996681 -0.2193591 0.01969096
738 -0.2027123 -0.2331649 0.03045261
739 -0.2055147 -0.2408348 0.03532007
740 -0.2080736 -0.2423688 0.03429514
741 -0.2103875 -0.2393008 0.02891338
742 -0.2124546 -0.2331649 0.02071026
743 -0.214274 -0.227029 0.012755007
744 -0.2158442 -0.2162911 0.0004468858
745 -0.2171645 -0.2147572 -0.002407313
746 -0.2182338 -0.2132232 -0.005010665
747 -0.2190517 -0.2132232 -0.005828485
748 -0.2196174 -0.2132232 -0.006394252
749 -0.2199308 -0.2132232 -0.006707594
750 -0.2199915 -0.2132232 -0.006768316
751 -0.2197996 -0.2116892 -0.008110389
752 -0.2193551 -0.2116892 -0.007665918
753 -0.2186584 -0.2101552 -0.008503184
754 -0.2177099 -0.2086212 -0.009088635
755 -0.2165101 -0.2086212 -0.007888899
756 -0.2150599 -0.2086212 -0.006438717
757 -0.2133602 -0.2116892 -0.001671031
758 -0.211412 -0.2147572 0.003345147
759 -0.2092166 -0.2178251 0.008608535
760 -0.2067753 -0.2193591 0.012583777
761 -0.2040897 -0.2208931 0.01680335
762 -0.2011615 -0.2224271 0.02126554
763 -0.1979926 -0.2224271 0.02443449
764 -0.1945848 -0.2224271 0.02784221
765 -0.1909405 -0.2224271 0.03148653
766 -0.1870619 -0.2193591 0.0322972
767 -0.1829514 -0.2101552 0.0272038
768 -0.1786117 -0.2009513 0.02233966
769 -0.1740454 -0.1948154 0.02077
770 -0.1692555 -0.1917474 0.02249193
771 -0.164245 -0.1917474 0.02750242
772 -0.1590171 -0.1902135 0.03119639
773 -0.153575 -0.1856115 0.03203653
774 -0.1479222 -0.1764077 0.02848543
775 -0.1420623 -0.1687378 0.02667545
776 -0.135999 -0.1641358 0.02813685
777 -0.129736 -0.1595339 0.02979785
778 -0.12327743 -0.153398 0.03012052
779 -0.11662728 -0.147262 0.03063475
780 -0.10978977 -0.1411261 0.03133636
781 -0.1027692 -0.1349902 0.032221
782 -0.09557003 -0.1257863 0.03021629
783 -0.08819679 -0.11811642 0.02991963
784 -0.08065415 -0.11044653 0.02979238
785 -0.07294686 -0.09664071 0.02369385
786 -0.0650798 -0.08897081 0.02389101
787 -0.05705794 -0.08130092 0.02424298
788 -0.04888634 -0.07363102 0.02474468
789 -0.04057016 -0.06902908 0.02845892
790 -0.03211466 -0.05982521 0.02771054
791 -0.02352518 -0.05062133 0.02709615
792 -0.01480714 -0.03681551 0.02200837
793 -0.005966052 -0.02914561 0.02317956
794 0.002992503 -0.01994173 0.02293424
795 0.012062863 -0.015339796 0.02740266
796 0.0212393 -0.007669898 0.0289092
797 0.03051602 0.003067959 0.02744806
798 0.03988716 0.01840776 0.02147941
799 0.04934681 0.03374755 0.015599255
800 0.05888897 0.04141745 0.01747152
801 0.06850764 0.04601939 0.02248826
802 0.07819674 0.04908735 0.02910939
803 0.08795013 0.05368929 0.03426085
804 0.09776168 0.07056307 0.02719861
805 0.10762516 0.0905048 0.01712037
806 0.11753436 0.10584459 0.011689775
807 0.127483 0.11504847 0.012434557
808 0.1374649 0.11965041 0.01781444
809 0.1474736 0.12118439 0.02628916
810 0.1575028 0.12425234 0.03325044
811 0.1675462 0.1273203 0.04022594
812 0.1775976 0.1426601 0.03493747
813 0.1876504 0.1702717 0.01737867
814 0.1976984 0.1963494 0.001349032
815 0.2077352 0.2101552 -0.002419964
816 0.2177546 0.2224271 -0.004672498
817 0.22775 0.223961 0.003788993
818 0.2377153 0.227029 0.010686338
819 0.2476442 0.227029 0.02061518
820 0.2575303 0.227029 0.03050128
821 0.2673674 0.225495 0.0418724
822 0.2771494 0.2178251 0.05932425
823 0.28687 0.2208931 0.06597689
824 0.296523 0.2224271 0.074096
825 0.3061025 0.2561746 0.04992792
826 0.3156024 0.2975921 0.01801032
827 0.3250165 0.3405435 -0.015526921
828 0.3343391 0.3865629 -0.05222374
829 0.3435642 0.3957667 -0.05220253
830 0.352686 0.4003687 -0.04768268
831 0.3616987 0.4019027 -0.04020396
832 0.3705966 0.4003687 -0.02977204
833 0.3793742 0.3973007 -0.01792651
834 0.3880258 0.3834949 0.004530907
835 0.396546 0.3589512 0.03759477
836 0.4049294 0.3558833 0.04904616
837 0.4131708 0.3543493 0.05882147
838 0.4212649 0.3574172 0.0638476
839 0.4292065 0.3635532 0.06565333
840 0.4369908 0.3650871 0.07190365
841 0.4446127 0.3834949 0.0611178
842 0.4520675 0.4065046 0.04556293
843 0.4593505 0.449456 0.009894431
844 0.4664569 0.4801356 -0.01367867
845 0.4733825 0.5062133 -0.03283078
846 0.4801227 0.5138832 -0.03376049
847 0.4866734 0.5154171 -0.02874375
848 0.4930303 0.5169511 -0.02392078
849 0.4991896 0.5169511 -0.01776156
850 0.5051472 0.5138832 -0.008736014
851 0.5108994 0.5000773 0.010822058
852 0.5164426 0.4832036 0.03323904
853 0.5217733 0.4816696 0.0401037
854 0.5268882 0.4786017 0.0482865
855 0.5317838 0.4878055 0.04397834
856 0.5364574 0.4908735 0.04558391
857 0.5409057 0.4893395 0.05156625
858 0.5451261 0.5016113 0.04351479
859 0.5491159 0.5169511 0.03216475
860 0.5528724 0.5506987 0.002173782
861 0.5563935 0.5890482 -0.03265464
862 0.5596769 0.6074559 -0.04777909
863 0.5627204 0.6120579 -0.04933751
864 0.5655222 0.6135918 -0.04806966
865 0.5680804 0.6135918 -0.04551143
866 0.5703935 0.6135918 -0.04319829
867 0.57246 0.60132 -0.02885997
868 0.5742787 0.5783103 -0.004031658
869 0.5758482 0.5645045 0.011343718
870 0.5771678 0.5553006 0.02186716
871 0.5782364 0.5522326 0.02600378
872 0.5790536 0.5614366 0.01761705
873 0.5796187 0.5645045 0.015114129
874 0.5799313 0.5645045 0.015426755
875 0.5799913 0.5706404 0.009350896
876 0.5797987 0.5752424 0.004556358
877 0.5793535 0.5783103 0.001043201
878 0.5786562 0.5798443 -0.001188159
879 0.5777069 0.5798443 -0.002137423
880 0.5765065 0.5813782 -0.004871726
881 0.5750556 0.5829122 -0.007856608
882 0.5733552 0.5844462 -0.011091053
883 0.5714063 0.5844462 -0.013039887
884 0.5692102 0.5829122 -0.013702035
885 0.5667683 0.5798443 -0.013076067
886 0.564082 0.5813782 -0.01729626
887 0.5611531 0.5767764 -0.015623212
888 0.5579835 0.5675724 -0.009588957
889 0.5545751 0.5614366 -0.006861449
890 0.5509302 0.5599026 -0.008972406
891 0.5470509 0.5553006 -0.00824976
892 0.5429397 0.5506987 -0.007758916
893 0.5385994 0.5537666 -0.015167236
894 0.5340325 0.5553006 -0.02126813
895 0.529242 0.5553006 -0.02605862
896 0.5242309 0.5583686 -0.03413767
897 0.5190024 0.5629705 -0.04396814
898 0.5135597 0.5553006 -0.0417409
899 0.5079063 0.5445628 -0.03665644
900 0.5020459 0.529223 -0.0271771
901 0.495982 0.5123492 -0.01636723
902 0.4897185 0.4954754 -0.005756915
903 0.4832594 0.4786017 0.004657716
904 0.4766087 0.4786017 -0.001992971
905 0.4697707 0.4832036 -0.01343292
906 0.4627496 0.4786017 -0.01585206
907 0.45555 0.4832036 -0.02765364
908 0.4481762 0.4908735 -0.04269725
909 0.4406331 0.4878055 -0.0471724
910 0.4329254 0.4908735 -0.05794809
911 0.4250579 0.4878055 -0.0627476
912 0.4170356 0.4847376 -0.06770197
913 0.4088636 0.4801356 -0.07127202
914 0.400547 0.4571259 -0.05657888
915 0.3920911 0.4279803 -0.03588918
916 0.3835013 0.3880969 -0.004595548
917 0.3747829 0.3451454 0.02963749
918 0.3659415 0.3098639 0.05607763
919 0.3569826 0.2837862 0.07319641
920 0.347912 0.2899222 0.05798981
921 0.3387352 0.2883882 0.05034706
922 0.3294582 0.302194 0.02726427
923 0.3200868 0.3267377 -0.006650806
924 0.310627 0.3482134 -0.03758636
925 0.3010846 0.375825 -0.07474041
926 0.2914657 0.375825 -0.08435929
927 0.2817764 0.3819609 -0.10018447
928 0.2720229 0.380427 -0.10840407
929 0.2622112 0.374291 -0.11207983
930 0.2523476 0.3543493 -0.10200173
931 0.2424382 0.3252037 -0.08276543
932 0.2324895 0.2868542 -0.05436471
933 0.2225076 0.2546406 -0.03213306
934 0.2124988 0.1994173 0.013081461
935 0.2024695 0.1549319 0.04753757
936 0.192426 0.10737857 0.08504745
937 0.1823747 0.08130092 0.10107377
938 0.1723219 0.08436888 0.08795298
939 0.1622739 0.0828349 0.07943897
940 0.1522371 0.11044653 0.04179056
941 0.1422178 0.1395921 0.002625689
942 0.1322225 0.1702717 -0.03804928
943 0.12225724 0.1825436 -0.06028632
944 0.11232851 0.1779416 -0.06561312
945 0.10244252 0.1856115 -0.08316902
946 0.09260552 0.1948154 -0.10220987
947 0.08282373 0.1963494 -0.11352566
948 0.07310331 0.1794756 -0.1063723
949 0.06345042 0.1564659 -0.0930155
950 0.05387114 0.1319223 -0.07805111
951 0.04437154 0.09357275 -0.04920122
952 0.0349576 0.05062133 -0.01566373
953 0.02563528 0.0 0.02563528
954 0.01641046 -0.03834949 0.05475995
955 0.007288976 -0.05982521 0.06711418
956 -0.001723417 -0.07823296 0.07650955
957 -0.010621023 -0.07363102 0.06300999
958 -0.01939823 -0.07823296 0.05883473
959 -0.02804948 -0.0674951 0.03944563
960 -0.03656931 -0.03988347 0.003314156
961 -0.04495236 -0.01994173 -0.02501062
962 -0.05319331 -0.012271836 -0.04092147
963 -0.06128696 -0.010737857 -0.05054911
964 -0.0692282 -0.009203877 -0.06002433
965 -0.07701203 -0.009203877 -0.06780815
966 -0.08463351 -0.009203877 -0.07542964
967 -0.09208783 -0.015339796 -0.07674803
968 -0.09937029 -0.02761163 -0.07175866
969 -0.10647628 -0.04295143 -0.06352486
970 -0.11340132 -0.05829123 -0.0551101
971 -0.12014104 -0.07056307 -0.04957798
972 -0.1266912 -0.09203877 -0.03465241
973 -0.1330476 -0.11658245 -0.01646514
974 -0.1392063 -0.1626018 0.02339557
975 -0.1451633 -0.1932814 0.04811813
976 -0.150915 -0.2193591 0.06844411
977 -0.1564576 -0.2300969 0.07363934
978 -0.1617877 -0.2300969 0.06830922
979 -0.1669019 -0.2224271 0.05552511
980 -0.171797 -0.2024853 0.03068826
981 -0.1764699 -0.1733397 -0.003130242
982 -0.1809177 -0.1579999 -0.02291776
983 -0.1851374 -0.15033 -0.03480742
984 -0.1891265 -0.15033 -0.03879653
985 -0.1928825 -0.15033 -0.04255249
986 -0.1964029 -0.151864 -0.04453893
987 -0.1996856 -0.15033 -0.04935558
988 -0.2027284 -0.15033 -0.05239843
989 -0.2055295 -0.1564659 -0.0490636
990 -0.2080871 -0.1656698 -0.04241729
991 -0.2103995 -0.1840776 -0.02632198
992 -0.2124654 -0.2024853 -0.009980068
993 -0.2142833 -0.2193591 0.005075768
994 -0.2158522 -0.2300969 0.014244735
995 -0.2171711 -0.2362329 0.0190618
996 -0.218239 -0.2393008 0.02106179
997 -0.2190555 -0.2393008 0.02024536
998 -0.2196199 -0.2393008 0.01968098
999 -0.2199318 -0.2393008 0.01936904
1000 -0.2199911 -0.2316309 0.011639789
1001 -0.2197979 -0.223961 0.004163131
1002 -0.2193522 -0.2224271 0.003074855
1003 -0.2186544 -0.2208931 0.002238706
1004 -0.2177048 -0.2208931 0.003188253
1005 -0.2165041 -0.2208931 0.004388929
1006 -0.2150531 -0.2208931 0.005839944
1007 -0.2133527 -0.2208931 0.007540405
1008 -0.2114038 -0.2208931 0.009489238
1009 -0.2092079 -0.2193591 0.010151207
1010 -0.2067661 -0.2178251 0.011058956
1011 -0.2040802 -0.2178251 0.013744876
1012 -0.2011518 -0.2162911 0.015139312
1013 -0.1979827 -0.2162911 0.01830842
1014 -0.194575 -0.2162911 0.02171616
1015 -0.1909307 -0.2162911 0.02536044
1016 -0.1870522 -0.2147572 0.02770494
1017 -0.182942 -0.2147572 0.03181517
1018 -0.1786026 -0.2055533 0.02695069
1019 -0.1740368 -0.1932814 0.01924467
1020 -0.1692474 -0.1840776 0.014830157
1021 -0.1642375 -0.1825436 0.01830606
1022 -0.1590103 -0.1810096 0.02199932
1023 -0.153569 -0.1794756 0.02590662
1024 -0.1479171 -0.1794756 0.03155854
1025 -0.1420581 -0.1748737 0.03281556
1026 -0.1359958 -0.1656698 0.02967399
1027 -0.129734 -0.1564659 0.02673195
1028 -0.12327657 -0.147262 0.02398547
1029 -0.11662768 -0.1441941 0.0275664
1030 -0.10979149 -0.1411261 0.03133463
1031 -0.10277233 -0.1380582 0.03528582
1032 -0.09557462 -0.1288543 0.03327965
1033 -0.08820292 -0.11658245 0.02837952
1034 -0.08066187 -0.10431061 0.02364874
1035 -0.07295624 -0.09664071 0.02368448
1036 -0.06509088 -0.0905048 0.02541392
1037 -0.05707077 -0.08590285 0.02883209
1038 -0.04890098 -0.07363102 0.02473004
1039 -0.04058665 -0.06289316 0.02230651
1040 -0.03213304 -0.05215531 0.02002226
1041 -0.0235455 -0.04755337 0.02400787
1042 -0.014829426 -0.04448541 0.02965598
1043 -0.005990341 -0.03681551 0.03082517
1044 0.002966181 -0.02300969 0.02597587
1045 0.012034483 -0.004601939 0.01663642
1046 0.02120884 0.007669898 0.013538942
1047 0.03048346 0.012271836 0.01821162
1048 0.03985249 0.015339796 0.02451269
1049 0.04931 0.01687378 0.03243622
1050 0.05885004 0.01840776 0.04044228
1051 0.06846657 0.03528153 0.03318504
1052 0.07815352 0.05062133 0.02753219
1053 0.08790477 0.07976694 0.008137837
1054 0.09771419 0.09970867 -0.001994483
1055 0.10757555 0.10431061 0.003264941
1056 0.11748264 0.10891255 0.00857009
1057 0.1274292 0.11044653 0.01698269
1058 0.137409 0.11044653 0.02696245
1059 0.1474156 0.10891255 0.03850307
1060 0.1574429 0.10891255 0.04853031
1061 0.1674843 0.10124265 0.06624168
1062 0.1775337 0.11811642 0.05941728
1063 0.1875846 0.1549319 0.03265271
1064 0.1976308 0.1963494 0.001281396
1065 0.2076658 0.2408348 -0.033169
1066 0.2176833 0.2638445 -0.04616116
1067 0.2276771 0.2653785 -0.0377014
1068 0.2376407 0.2669124 -0.02927172
1069 0.247568 0.2669124 -0.01934446
1070 0.2574526 0.2653785 -0.007925928
1071 0.2672883 0.2607765 0.006511718
1072 0.2770688 0.2469707 0.03009808
1073 0.2867881 0.2377668 0.04902125
1074 0.2964399 0.228563 0.06787697
1075 0.3060183 0.2362329 0.06978542
1076 0.315517 0.2408348 0.07468222
1077 0.3249302 0.2454367 0.0794935
1078 0.3342519 0.2669124 0.06733945
1079 0.3434762 0.2883882 0.05508802
1080 0.3525972 0.3374755 0.015121728
1081 0.3616094 0.375825 -0.014215648
1082 0.3705068 0.4080386 -0.03753179
1083 0.3792839 0.4325823 -0.05329836
1084 0.3879352 0.4325823 -0.04464704
1085 0.3964552 0.4387182 -0.04226294
1086 0.4048385 0.4387182 -0.03387961
1087 0.4130799 0.4341162 -0.0210363
1088 0.4211741 0.4203104 0.0008637011
1089 0.4291161 0.3942328 0.03488329
1090 0.4369007 0.3834949 0.05340579
1091 0.4445231 0.378893 0.06563014
1092 0.4519785 0.3850289 0.06694961
1093 0.4592622 0.3926988 0.0665634
1094 0.4663695 0.4034366 0.06293288
1095 0.473296 0.4249124 0.04838369
1096 0.4800374 0.4463881 0.03364933
1097 0.4865893 0.4632618 0.02332744
1098 0.4929476 0.5016113 -0.008663744
1099 0.4991083 0.524621 -0.02551276
1100 0.5050675 0.5215531 -0.01648557
1101 0.5108215 0.527689 -0.01686752
1102 0.5163666 0.527689 -0.011322439
1103 0.5216993 0.527689 -0.005989731
1104 0.5268162 0.524621 0.00219518
1105 0.5317142 0.5138832 0.01783097
1106 0.5363901 0.5123492 0.02404088
1107 0.5408409 0.5046793 0.03616166
1108 0.545064 0.5077473 0.03731674
1109 0.5490565 0.5169511 0.03210539
1110 0.552816 0.5123492 0.04046679
1111 0.5563401 0.5138832 0.04245693
