1 0.0 0.0 0.0
2 0.0 0.0 0.0
3 0.0 0.0 0.0
4 0.0 0.0 0.0
5 0.0 0.0 0.0
6 0.0 0.0 0.0
7 0.0 0.0 0.0
8 0.0 0.0 0.0
9 0.0 0.0 0.0
10 0.0 0.0 0.0
11 0.0 0.0 0.0
12 0.0 0.0 0.0
13 0.0 0.0 0.0
14 0.0 0.0 0.0
15 0.0 0.0 0.0
16 0.0 0.0 0.0
17 0.0 0.0 0.0
18 0.0 0.0 0.0
19 0.0 0.0 0.0
20 0.0 0.0 0.0
21 0.0 0.0 0.0
22 0.0 0.0 0.0
23 0.0 0.0 0.0
24 0.0 0.0 0.0
25 0.0 0.0 0.0
26 0.0 0.0 0.0
27 0.0 0.0 0.0
28 0.0 0.0 0.0
29 0.0 0.0 0.0
30 0.0 0.0 0.0
31 0.0 0.0 0.0
32 0.0 0.0 0.0
33 0.0 0.0 0.0
34 0.0 0.0 0.0
35 0.0 0.0 0.0
36 0.0 0.0 0.0
37 0.0 0.0 0.0
38 0.0 0.0 0.0
39 0.0 0.0 0.0
40 0.0 0.0 0.0
41 0.0 0.0 0.0
42 0.0 0.0 0.0
43 0.0 0.0 0.0
44 0.0 0.0 0.0
45 0.0 0.0 0.0
46 0.0 0.0 0.0
47 0.0 0.0 0.0
48 0.0 0.0 0.0
49 0.0 0.0 0.0
50 0.0 0.0 0.0
51 0.0 0.0 0.0
52 0.0 0.0 0.0
53 0.0 0.0 0.0
54 0.0 0.0 0.0
55 0.0 0.0 0.0
56 0.0 0.0 0.0
57 0.0 0.0 0.0
58 0.0 0.0 0.0
59 0.0 0.0 0.0
60 0.0 0.0 0.0
61 0.0 0.0 0.0
62 0.0 0.0 0.0
63 0.0 0.0 0.0
64 0.0 0.0 0.0
65 0.0 0.0 0.0
66 0.0 0.0 0.0
67 0.0 0.0 0.0
68 0.0 0.0 0.0
69 0.0 0.0 0.0
70 0.0 0.0 0.0
71 0.0 0.0 0.0
72 0.0 0.0 0.0
73 0.0 0.0 0.0
74 0.0 0.0 0.0
75 0.0 0.0 0.0
76 0.0 0.0 0.0
77 0.0 0.0 0.0
78 0.0 0.0 0.0
79 0.0 0.0 0.0
80 0.0 0.0 0.0
81 0.0 0.0 0.0
82 0.0 0.0 0.0
83 0.0 0.0 0.0
84 0.0 0.0 0.0
85 0.0 0.0 0.0
86 0.0 0.0 0.0
87 0.0 0.0 0.0
88 0.0 0.0 0.0
89 0.0 0.0 0.0
90 0.0 0.0 0.0
91 0.0 0.0 0.0
92 0.0 0.0 0.0
93 0.0 0.0 0.0
94 0.0 0.0 0.0
95 0.0 0.0 0.0
96 0.0 0.0 0.0
97 0.0 0.0 0.0
98 0.0 0.0 0.0
99 0.0 0.0 0.0
100 0.0 0.0 0.0
101 0.0 0.0 0.0
102 0.0 0.0 0.0
103 0.0 0.0 0.0
104 0.0 0.0 0.0
105 0.0 0.0 0.0
106 0.0 0.0 0.0
107 0.0 0.0 0.0
108 0.0 0.0 0.0
109 0.0 0.0 0.0
110 0.0 0.0 0.0
111 0.0 0.0 0.0
112 0.0 0.0 0.0
113 0.0 0.0 0.0
114 0.0 0.0 0.0
115 0.0 0.0 0.0
116 0.0 0.0 0.0
117 0.0 0.0 0.0
118 0.0 0.0 0.0
119 0.0 0.0 0.0
120 0.0 0.0 0.0
121 0.0 0.0 0.0
122 0.0 0.0 0.0
123 0.0 0.0 0.0
124 0.0 0.0 0.0
125 0.0 0.0 0.0
126 0.0 0.0 0.0
127 0.0 0.0 0.0
128 0.0 0.0 0.0
129 0.0 0.0 0.0
130 0.0 0.0 0.0
131 0.0 0.0 0.0
132 0.0 0.0 0.0
133 0.0 0.0 0.0
134 0.0 0.0 0.0
135 0.0 0.0 0.0
136 0.0 0.0 0.0
137 0.0 0.0 0.0
138 0.0 0.0 0.0
139 0.0 0.0 0.0
140 0.0 0.0 0.0
141 0.0 0.0 0.0
142 0.0 0.0 0.0
143 0.0 0.0 0.0
144 0.0 0.0 0.0
145 0.0 0.0 0.0
146 0.0 0.0 0.0
147 0.0 0.0 0.0
148 0.0 0.0 0.0
149 0.0 0.0 0.0
150 0.0 0.0 0.0
151 0.0 0.0 0.0
152 0.0 0.0 0.0
153 0.0 0.0 0.0
154 0.0 0.0 0.0
155 0.0 0.0 0.0
156 0.0 0.0 0.0
157 0.0 0.0 0.0
158 0.0 0.0 0.0
159 0.0 0.0 0.0
160 0.0 0.0 0.0
161 0.0 0.0 0.0
162 0.0 0.0 0.0
163 0.0 0.0 0.0
164 0.0 0.0 0.0
165 0.0 0.0 0.0
166 0.0 0.0 0.0
167 0.0 0.0 0.0
168 0.0 0.0 0.0
169 0.0 0.0 0.0
170 0.0 0.0 0.0
171 0.0 0.0 0.0
172 0.0 0.0 0.0
173 0.0 0.0 0.0
174 0.0 0.0 0.0
175 0.0 0.0 0.0
176 0.0 0.0 0.0
177 0.0 0.0 0.0
178 0.0 0.0 0.0
179 0.0 0.0 0.0
180 0.0 0.0 0.0
181 0.0 0.0 0.0
182 0.0 0.0 0.0
183 0.0 0.0 0.0
184 0.0 0.0 0.0
185 0.0 0.0 0.0
186 0.0 0.0 0.0
187 0.0 0.0 0.0
188 0.0 0.0 0.0
189 0.0 0.0 0.0
190 0.0 0.0 0.0
191 0.0 0.0 0.0
192 0.0 0.0 0.0
193 0.0 0.0 0.0
194 0.0 0.0 0.0
195 0.0 0.0 0.0
196 0.0 0.0 0.0
197 0.0 0.0 0.0
198 0.0 0.0 0.0
199 0.0 0.0 0.0
200 0.0 0.0 0.0
201 0.0 0.0 0.0
202 -0.2199921 -0.03988347 -0.1801087
203 -0.2199685 -0.03988347 -0.180085
204 -0.219929 -0.03988347 -0.1800455
205 -0.2198737 -0.03988347 -0.1799903
206 -0.2198027 -0.03988347 -0.1799192
207 -0.2197159 -0.03988347 -0.1798324
208 -0.2196133 -0.03988347 -0.1797298
209 -0.2194949 -0.03988347 -0.1796114
210 -0.2193607 -0.03988347 -0.1794773
211 -0.2192108 -0.03988347 -0.1793274
212 -0.2190451 -0.03834949 -0.1806957
213 -0.2188637 -0.03834949 -0.1805142
214 -0.2186665 -0.03221357 -0.186453
215 -0.2184536 -0.03221357 -0.1862401
216 -0.218225 -0.03221357 -0.1860114
217 -0.2179806 -0.03221357 -0.185767
218 -0.2177205 -0.02914561 -0.1885749
219 -0.2174448 -0.02914561 -0.1882991
220 -0.2171533 -0.02147571 -0.1956776
221 -0.2168461 -0.02147571 -0.1953704
222 -0.2165233 -0.015339796 -0.2011835
223 -0.2161849 -0.015339796 -0.2008451
224 -0.2158307 -0.03681551 -0.1790152
225 -0.215461 -0.03681551 -0.1786455
226 -0.2150757 -0.12271836 -0.09235728
227 -0.2146747 -0.12271836 -0.09195633
228 -0.2142582 -0.2086212 -0.005636961
229 -0.2138261 -0.2086212 -0.005204872
230 -0.2133785 -0.2193591 0.005980626
231 -0.2129153 -0.2193591 0.006443799
232 -0.2124366 -0.1978834 -0.014553234
233 -0.2119424 -0.1978834 -0.014059052
234 -0.2114328 -0.2147572 0.00332436
235 -0.2109077 -0.2147572 0.003849462
236 -0.2103672 -0.2393008 0.02893368
237 -0.2098112 -0.2393008 0.02948961
238 -0.2092399 -0.2531066 0.04386676
239 -0.2086532 -0.2531066 0.04445344
240 -0.2080511 -0.2546406 0.04658948
241 -0.2074338 -0.2546406 0.04720684
242 -0.2068011 -0.2546406 0.0478395
243 -0.2061532 -0.2546406 0.04848741
244 -0.20549 -0.2546406 0.04915059
245 -0.2048116 -0.2546406 0.04982898
246 -0.2041181 -0.2546406 0.05052255
247 -0.2034093 -0.2546406 0.0512313
248 -0.2026854 -0.2577086 0.05502312
249 -0.2019464 -0.2577086 0.05576211
250 -0.2011924 -0.2592425 0.05805016
251 -0.2004233 -0.2592425 0.05881928
252 -0.1996391 -0.2607765 0.0611374
253 -0.19884 -0.2607765 0.06193653
254 -0.1980259 -0.2592425 0.06121661
255 -0.1971969 -0.2592425 0.06204562
256 -0.196353 -0.2592425 0.0628895
257 -0.1954943 -0.2592425 0.06374826
258 -0.1946207 -0.2592425 0.06462184
259 -0.1937323 -0.2592425 0.0655102
260 -0.1928292 -0.2592425 0.06641332
261 -0.1919114 -0.2592425 0.06733115
262 -0.1909789 -0.2592425 0.06826367
263 -0.1900317 -0.2592425 0.06921083
264 -0.1890699 -0.2577086 0.06863863
265 -0.1880936 -0.2577086 0.06961496
266 -0.1871027 -0.2592425 0.07213983
267 -0.1829947 -0.2561746 0.0731799
268 -0.1786574 -0.2561746 0.0775172
269 -0.1740936 -0.2561746 0.08208104
270 -0.1693061 -0.2561746 0.08686852
271 -0.164298 -0.2546406 0.09034266
272 -0.1590724 -0.2577086 0.09863617
273 -0.1536326 -0.2577086 0.10407591
274 -0.1479822 -0.2592425 0.11126037
275 -0.1421245 -0.2607765 0.11865199
276 -0.1360634 -0.2577086 0.12164511
277 -0.1298027 -0.2485047 0.11870196
278 -0.12334632 -0.2162911 0.09294479
279 -0.11669832 -0.1840776 0.06737923
280 -0.10986292 -0.151864 0.04200106
281 -0.10284443 -0.1365242 0.03367975
282 -0.0956473 -0.1303883 0.03474096
283 -0.08827606 -0.1288543 0.04057822
284 -0.08073538 -0.1288543 0.0481189
285 -0.07303 -0.1288543 0.05582427
286 -0.06516481 -0.1288543 0.06368947
287 -0.05714477 -0.12271836 0.06557359
288 -0.04897495 -0.11351448 0.06453954
289 -0.0406605 -0.075165 0.0345045
290 -0.03220667 -0.04755337 0.015346695
291 -0.02361881 -0.02607765 0.002458839
292 -0.014902346 -0.010737857 -0.004164489
293 -0.006062774 0.003067959 -0.009130733
294 0.002894319 0.003067959 -0.00017364
295 0.011963275 0.003067959 0.008895316
296 0.02113837 0.004601939 0.01653643
297 0.0304138 0.004601939 0.02581186
298 0.03978371 0.006135918 0.0336478
299 0.04924219 0.003067959 0.04617423
300 0.05878331 -0.007669898 0.06645321
301 0.06840117 -0.009203877 0.07760504
302 0.07808952 -0.006135918 0.08422544
303 0.08784224 -0.003067959 0.0909102
304 0.09765317 0.05675724 0.04089593
305 0.10751612 0.11504847 -0.007532351
306 0.11742485 0.1687378 -0.0513129
307 0.1273731 0.2070872 -0.07971412
308 0.1373546 0.2101552 -0.07280059
309 0.1473631 0.2116892 -0.06432612
310 0.1573921 0.2116892 -0.05429708
311 0.1674354 0.2070872 -0.03965181
312 0.1774867 0.1871455 -0.009658799
313 0.1875396 0.1610679 0.02647169
314 0.1975876 0.1426601 0.05492755
315 0.2076246 0.1273203 0.08030433
316 0.2176442 0.1365242 0.08111999
317 0.2276399 0.1380582 0.08958176
318 0.2376056 0.151864 0.08574161
319 0.2475349 0.1917474 0.05578743
320 0.2574215 0.2070872 0.05033426
321 0.2672592 0.2454367 0.02182248
322 0.2770418 0.2899222 -0.012880355
323 0.2867631 0.305262 -0.01849884
324 0.296417 0.3098639 -0.013446897
325 0.3059973 0.3113979 -0.005400539
326 0.3154981 0.3129318 0.002566219
327 0.3249132 0.3113979 0.013515353
328 0.3342368 0.3098639 0.02437297
329 0.343463 0.299126 0.04433704
330 0.352586 0.2960581 0.05652792
331 0.3615999 0.2945241 0.06707585
332 0.3704991 0.30066 0.06983915
333 0.379278 0.3083299 0.07094816
334 0.3879311 0.3113979 0.07653323
335 0.3964528 0.3528153 0.04363746
336 0.4048377 0.4034366 0.001401097
337 0.4130807 0.4463881 -0.03330737
338 0.4211764 0.4816696 -0.0604932
339 0.4291198 0.4908735 -0.06175369
340 0.4369058 0.4939415 -0.05703563
341 0.4445296 0.4954754 -0.05094585
342 0.4519862 0.4924075 -0.04042125
343 0.4592711 0.4709317 -0.011660635
344 0.4663795 0.4463881 0.01999149
345 0.4733071 0.4279803 0.04532677
346 0.4800494 0.4203104 0.059739
347 0.4866022 0.4218444 0.0647578
348 0.4929613 0.4233784 0.06958291
349 0.4991227 0.4341162 0.0650065
350 0.5050826 0.4617279 0.04335469
351 0.5108371 0.4924075 0.01842964
352 0.5163827 0.5108152 0.005567432
353 0.5217157 0.529223 -0.007507265
354 0.5268329 0.5414948 -0.014661908
355 0.5317311 0.5368929 -0.005161762
356 0.536407 0.5384268 -0.002019823
357 0.5408579 0.5414948 -0.0006369353
358 0.5450808 0.5399608 0.00511998
359 0.5490731 0.5322909 0.01678222
360 0.5528323 0.529223 0.02360934
361 0.556356 0.529223 0.02713299
362 0.559642 0.529223 0.03041899
363 0.5626881 0.529223 0.03346515
364 0.5654925 0.529223 0.03626955
365 0.5680535 0.529223 0.03883052
366 0.5703693 0.530757 0.03961235
367 0.5724386 0.5537666 0.01867193
368 0.57426 0.598252 -0.02399206
369 0.5758323 0.6304656 -0.05463332
370 0.5771546 0.6427375 -0.06558287
371 0.5782261 0.6396695 -0.06144345
372 0.5790459 0.6458054 -0.06675953
373 0.5796138 0.6442715 -0.06465769
374 0.5799292 0.6350675 -0.05513835
375 0.579992 0.6120579 -0.03206587
376 0.5798022 0.5844462 -0.004644037
377 0.5793599 0.5614366 0.0179233
378 0.5786652 0.5445628 0.03410244
379 0.5777188 0.5460968 0.03162199
380 0.5765211 0.5476308 0.02889037
381 0.575073 0.5460968 0.0289762
382 0.5733753 0.5553006 0.01807469
383 0.5714292 0.5737084 -0.002279222
384 0.5692358 0.5875142 -0.01827842
385 0.5667965 0.5936501 -0.02685362
386 0.5641129 0.5936501 -0.0295372
387 0.5611868 0.5951841 -0.03399736
388 0.5580198 0.5951841 -0.03716433
389 0.554614 0.5936501 -0.0390361
390 0.5509717 0.5890482 -0.03807652
391 0.5470949 0.5767764 -0.02968145
392 0.5429864 0.5614366 -0.0184502
393 0.5386485 0.5491647 -0.010516167
394 0.5340841 0.529223 0.004861117
395 0.5292961 0.5123492 0.01694685
396 0.5242874 0.5154171 0.008870244
397 0.5190612 0.5169511 0.002110124
398 0.5136209 0.5138832 -0.0002623201
399 0.5079698 0.5169511 -0.008981287
400 0.5021117 0.5200191 -0.01790738
401 0.49605 0.527689 -0.03163898
402 0.4897887 0.5368929 -0.04710415
403 0.4833317 0.530757 -0.04742524
404 0.4766831 0.529223 -0.05253986
405 0.4698472 0.529223 -0.05937583
406 0.4628281 0.524621 -0.06179294
407 0.4556304 0.5215531 -0.06592268
408 0.4482586 0.5092812 -0.06102267
409 0.4407173 0.4739997 -0.0332824
410 0.4330114 0.447922 -0.014910668
411 0.4251456 0.4049706 0.02017501
412 0.417125 0.3681551 0.0489699
413 0.4089546 0.3436114 0.06534317
414 0.4006396 0.3466794 0.05396021
415 0.3921853 0.3451454 0.04703984
416 0.3835969 0.3666211 0.01697573
417 0.3748798 0.3896308 -0.014750957
418 0.3660398 0.4126405 -0.04660076
419 0.3570822 0.4341162 -0.07703406
420 0.3480127 0.4325823 -0.08456954
421 0.3388371 0.4356502 -0.09681308
422 0.3295612 0.4341162 -0.10455501
423 0.3201908 0.4203104 -0.10011959
424 0.3107319 0.3957667 -0.08503488
425 0.3011904 0.3650871 -0.06389678
426 0.2915723 0.3236697 -0.03209737
427 0.2818838 0.2807183 0.001165509
428 0.2721309 0.227029 0.04510191
429 0.2623198 0.1840776 0.07824226
430 0.2524567 0.1564659 0.09599078
431 0.2425479 0.1564659 0.08608194
432 0.2325995 0.1595339 0.07306563
433 0.2226179 0.1917474 0.03087048
434 0.2126094 0.2208931 -0.00828363
435 0.2025803 0.2485047 -0.04592437
436 0.192537 0.2607765 -0.06823957
437 0.1824857 0.2592425 -0.07675687
438 0.1724328 0.2730484 -0.10061555
439 0.1623848 0.2715144 -0.10912964
440 0.1523478 0.2607765 -0.10842872
441 0.1423283 0.2362329 -0.09390451
442 0.1323327 0.2055533 -0.07322061
443 0.12236708 0.1733397 -0.05097262
444 0.1124379 0.1303883 -0.01795036
445 0.10255141 0.07056307 0.03198835
446 0.09271383 0.03528153 0.0574323
447 0.0829314 0.006135918 0.07679548
448 0.07321027 -0.004601939 0.07781221
449 0.0635566 0.0 0.0635566
450 0.05397648 0.003067959 0.05090852
451 0.04447596 0.02914561 0.015330346
452 0.03506104 0.0674951 -0.03243406
453 0.02573768 0.07823296 -0.05249528
454 0.01651175 0.0828349 -0.06632315
455 0.007389095 0.08590285 -0.07851376
456 -0.001624533 0.08590285 -0.08752739
457 -0.010523438 0.0828349 -0.09335834
458 -0.019302 0.06902908 -0.08833107
459 -0.02795467 0.04908735 -0.07704202
460 -0.03647599 0.02607765 -0.06255365
461 -0.04486057 -0.00153398 -0.04332659
462 -0.05310312 -0.03374755 -0.01935557
463 -0.06119843 -0.0674951 0.006296676
464 -0.06914138 -0.09817469 0.02903331
465 -0.07692697 -0.12425234 0.04732538
466 -0.08455026 -0.1441941 0.05964382
467 -0.09200646 -0.15033 0.05832353
468 -0.09929084 -0.1457281 0.04643721
469 -0.10639881 -0.1426601 0.03626129
470 -0.11332587 -0.12271836 0.009392492
471 -0.12006766 -0.10124265 -0.01882501
472 -0.1266199 -0.09970867 -0.02691124
473 -0.1329785 -0.09817469 -0.03480379
474 -0.1391394 -0.09510674 -0.04403262
475 -0.1450987 -0.09510674 -0.04999192
476 -0.1508526 -0.09510674 -0.05574586
477 -0.1563976 -0.09510674 -0.06129083
478 -0.16173 -0.10277663 -0.05895341
479 -0.1668467 -0.11198051 -0.05486616
480 -0.1717442 -0.1303883 -0.04135594
481 -0.1764196 -0.1626018 -0.013817742
482 -0.1808698 -0.1978834 0.01701358
483 -0.1850921 -0.2193591 0.03426699
484 -0.1890838 -0.2300969 0.04101318
485 -0.1928423 -0.2316309 0.03878862
486 -0.1963653 -0.2316309 0.03526558
487 -0.1996507 -0.2300969 0.03044629
488 -0.2026962 -0.2208931 0.01819691
489 -0.2054999 -0.1978834 -0.00761655
490 -0.2080602 -0.1948154 -0.013244778
491 -0.2103754 -0.1917474 -0.0186279
492 -0.2124439 -0.1902135 -0.02223043
493 -0.2142646 -0.1886795 -0.0255851
494 -0.2158363 -0.1886795 -0.02715676
495 -0.2171579 -0.1886795 -0.02847837
496 -0.2182286 -0.1886795 -0.02954912
497 -0.2190478 -0.1902135 -0.02883436
498 -0.219615 -0.1917474 -0.02786754
499 -0.2199297 -0.1963494 -0.02358034
500 -0.2199919 -0.2116892 -0.008302674
501 -0.2198013 -0.223961 0.004159704
502 -0.2193583 -0.2316309 0.012272656
503 -0.2186629 -0.2393008 0.0206379
504 -0.2177158 -0.2393008 0.02158503
505 -0.2165174 -0.2408348 0.02431736
506 -0.2150686 -0.2408348 0.02576617
507 -0.2133703 -0.2377668 0.02439657
508 -0.2114235 -0.2300969 0.0186735
509 -0.2092294 -0.2208931 0.01166369
510 -0.2067894 -0.2178251 0.011035666
511 -0.2041052 -0.2178251 0.013719901
512 -0.2011783 -0.2162911 0.015112787
513 -0.1980107 -0.2162911 0.01828042
514 -0.1946043 -0.2147572 0.02015285
515 -0.1909613 -0.2162911 0.02532984
516 -0.1870839 -0.2147572 0.02767322
517 -0.1829747 -0.2055533 0.02257854
518 -0.1786362 -0.1978834 0.01924713
519 -0.1740712 -0.1932814 0.01921021
520 -0.1692826 -0.1902135 0.02093092
521 -0.1642733 -0.1902135 0.0259402
522 -0.1590465 -0.1902135 0.03116694
523 -0.1536056 -0.1840776 0.03047192
524 -0.147954 -0.1748737 0.02691966
525 -0.1420952 -0.1672038 0.02510855
526 -0.136033 -0.1610679 0.02503488
527 -0.1297711 -0.1579999 0.02822875
528 -0.12331362 -0.1549319 0.03161831
529 -0.11666451 -0.147262 0.03059752
530 -0.10982802 -0.1395921 0.02976412
531 -0.10280845 -0.1303883 0.02757981
532 -0.09561025 -0.12271836 0.02710811
533 -0.08823796 -0.11811642 0.02987846
534 -0.08069624 -0.11198051 0.03128427
535 -0.07298985 -0.09970867 0.02671882
536 -0.06512366 -0.08743683 0.02231317
537 -0.05710264 -0.075165 0.01806236
538 -0.04893185 -0.07056307 0.02163122
539 -0.04061646 -0.06902908 0.02841262
540 -0.03216171 -0.0674951 0.03533339
541 -0.02357295 -0.05829123 0.03471827
542 -0.014855608 -0.03681551 0.0219599
543 -0.006015184 -0.01994173 0.013926551
544 0.002942738 -0.004601939 0.007544676
545 0.012012497 -0.003067959 0.015080456
546 0.02118837 0.00153398 0.01965439
547 0.03046455 0.003067959 0.02739659
548 0.03983518 0.003067959 0.03676722
549 0.04929436 0.003067959 0.0462264
550 0.05883609 0.004601939 0.05423415
551 0.06845435 0.01840776 0.0500466
552 0.07814307 0.05829123 0.01985185
553 0.08789613 0.09203877 -0.004142642
554 0.09770736 0.1288543 -0.03114692
555 0.10757058 0.1380582 -0.03048758
556 0.11747955 0.1441941 -0.02671453
557 0.127428 0.1457281 -0.01830004
558 0.1374097 0.1441941 -0.00678441
559 0.1474182 0.1441941 0.003224149
560 0.1574474 0.1411261 0.01632126
561 0.1674908 0.1257863 0.04170446
562 0.1775421 0.11504847 0.06249361
563 0.1875949 0.11351448 0.07408044
564 0.197643 0.11811642 0.07952655
565 0.2076799 0.1273203 0.08035957
566 0.2176993 0.151864 0.06583531
567 0.2276949 0.1917474 0.03594746
568 0.2376604 0.2469707 -0.009310335
569 0.2475895 0.2899222 -0.04233271
570 0.2574758 0.305262 -0.04778612
571 0.2673133 0.3067959 -0.03948265
572 0.2770955 0.3098639 -0.03276834
573 0.2868165 0.3098639 -0.02304739
574 0.29647 0.3083299 -0.011859924
575 0.3060499 0.2960581 0.009991795
576 0.3155502 0.2745823 0.04096782
577 0.3249648 0.2607765 0.0641883
578 0.3342879 0.2577086 0.07657936
579 0.3435136 0.2607765 0.08273706
580 0.352636 0.2669124 0.08572352
581 0.3616493 0.2822523 0.079397
582 0.3705478 0.3129318 0.057616
583 0.3793261 0.3574172 0.02190882
584 0.3879784 0.4095726 -0.02159417
585 0.3964993 0.4448541 -0.04835475
586 0.4048835 0.4693978 -0.06451425
587 0.4131257 0.4693978 -0.05627209
588 0.4212206 0.4739997 -0.05277911
589 0.4291631 0.4724657 -0.0433026
590 0.4369483 0.4571259 -0.02017766
591 0.4445711 0.4310483 0.013522834
592 0.4520268 0.4065046 0.04552225
593 0.4593107 0.3973007 0.06201002
594 0.4664182 0.3988347 0.0675835
595 0.4733448 0.3988347 0.07451007
596 0.480086 0.4095726 0.07051346
597 0.4866377 0.4371842 0.04945353
598 0.4929958 0.4586599 0.03433588
599 0.4991561 0.4816696 0.01748651
600 0.5051148 0.5016113 0.003503502
601 0.5108682 0.523087 -0.012218833
602 0.5164126 0.523087 -0.006674469
603 0.5217445 0.523087 -0.001342535
604 0.5268605 0.526155 0.0007054806
605 0.5317574 0.5200191 0.01173836
606 0.5364322 0.5138832 0.02254897
607 0.5408818 0.5169511 0.02393067
608 0.5451035 0.5138832 0.03122026
609 0.5490945 0.5138832 0.03521127
610 0.5528524 0.5200191 0.03283328
611 0.5563748 0.526155 0.03021973
612 0.5596594 0.524621 0.03503835
613 0.5627042 0.523087 0.03961718
614 0.5655073 0.526155 0.0393523
615 0.5680669 0.5568346 0.011232316
616 0.5703814 0.5967181 -0.02633667
617 0.5724493 0.6243297 -0.05188042
618 0.5742693 0.6350675 -0.06079823
619 0.5758403 0.6350675 -0.05922729
620 0.5771612 0.6366015 -0.05944038
621 0.5782312 0.6350675 -0.05683631
622 0.5790498 0.6212617 -0.04221195
623 0.5796162 0.604388 -0.02477175
624 0.5799303 0.5767764 0.00315392
625 0.5799917 0.5645045 0.015487134
626 0.5798005 0.5522326 0.02756781
627 0.5793567 0.5583686 0.02098811
628 0.5786607 0.5614366 0.01722413
629 0.5777129 0.5629705 0.014742315
630 0.5765138 0.5675724 0.008941352
631 0.5750643 0.5767764 -0.001712024
632 0.5733652 0.5844462 -0.01108098
633 0.5714178 0.5859802 -0.014562428
634 0.569223 0.5844462 -0.015223205
635 0.5667824 0.5859802 -0.01919782
636 0.5640975 0.5890482 -0.02495068
637 0.5611699 0.5921161 -0.0309462
638 0.5580017 0.5921161 -0.03411448
639 0.5545946 0.5890482 -0.03445357
640 0.5509509 0.5783103 -0.02735943
641 0.5470729 0.5645045 -0.01743162
642 0.5429631 0.5537666 -0.010803521
643 0.538624 0.5353589 0.003265083
644 0.5340584 0.523087 0.010971308
645 0.5292691 0.529223 4.607439E-05
646 0.5242592 0.526155 -0.001895845
647 0.5190318 0.527689 -0.008657157
648 0.5135904 0.5353589 -0.02176851
649 0.5079381 0.5399608 -0.03202272
650 0.5020788 0.5384268 -0.03634805
651 0.496016 0.5399608 -0.04394484
652 0.4897536 0.5384268 -0.04867324
653 0.4832956 0.5368929 -0.0535973
654 0.4766459 0.5322909 -0.05564499
655 0.4698089 0.529223 -0.05941406
656 0.4627888 0.527689 -0.06490016
657 0.4555902 0.4954754 -0.03988525
658 0.4482174 0.4709317 -0.02271432
659 0.4406752 0.4371842 0.003491014
660 0.4329684 0.3988347 0.03413367
661 0.4251018 0.3666211 0.05848062
662 0.4170803 0.3620192 0.0550611
663 0.4089091 0.3635532 0.04535592
664 0.4005933 0.3666211 0.0339722
665 0.3921382 0.3957667 -0.003628552
666 0.3835491 0.4141745 -0.0306254
667 0.3748314 0.4433201 -0.06848872
668 0.3659906 0.4448541 -0.07886347
669 0.3570324 0.45099 -0.0939576
670 0.3479623 0.4463881 -0.09842572
671 0.3387862 0.4417861 -0.10299996
672 0.3295097 0.4126405 -0.08313081
673 0.3201389 0.380427 -0.0602881
674 0.3106794 0.3574172 -0.04673779
675 0.3011375 0.3206017 -0.01946426
676 0.291519 0.2607765 0.0307425
677 0.2818301 0.2208931 0.06093705
678 0.2720769 0.1779416 0.09413525
679 0.2622655 0.1733397 0.08892578
680 0.2524021 0.1764077 0.07599448
681 0.2424931 0.1856115 0.05688152
682 0.2325445 0.223961 0.008583471
683 0.2225628 0.2485047 -0.02594194
684 0.2125541 0.2730484 -0.06049426
685 0.2025249 0.2761163 -0.0735914
686 0.1924815 0.2745823 -0.08210084
687 0.1824302 0.2960581 -0.11362788
688 0.1723773 0.2868542 -0.11447684
689 0.1623293 0.2669124 -0.10458311
690 0.1522925 0.2439028 -0.0916103
691 0.1422731 0.2055533 -0.06328018
692 0.1322776 0.1672038 -0.03492622
693 0.12231216 0.11811642 0.004195735
694 0.11238321 0.05982521 0.05255801
695 0.10249697 0.02147571 0.08102125
696 0.09265968 0.003067959 0.08959173
697 0.08287756 0.004601939 0.07827562
698 0.07315679 0.015339796 0.057817
699 0.06350351 0.02454367 0.03895983
700 0.05392381 0.06596113 -0.012037314
701 0.04442375 0.09203877 -0.04761503
702 0.03500932 0.10431061 -0.06930129
703 0.02568648 0.10431061 -0.07862413
704 0.01646111 0.10431061 -0.08784951
705 0.007339034 0.10584459 -0.09850556
706 -0.001673977 0.09664071 -0.09831469
707 -0.010572232 0.075165 -0.08573723
708 -0.01935011 0.05062133 -0.06997144
709 -0.02800208 0.02607765 -0.05407973
710 -0.03652265 -0.004601939 -0.03192072
711 -0.04490647 -0.04295143 -0.001955036
712 -0.05314822 -0.07363102 0.02048281
713 -0.0612427 -0.10431061 0.04306792
714 -0.0691848 -0.1273203 0.05813551
715 -0.0769695 -0.1395921 0.06262265
716 -0.08459189 -0.1365242 0.0519323
717 -0.09204715 -0.1349902 0.04294306
718 -0.09933057 -0.11965041 0.02031984
719 -0.10643755 -0.09357275 -0.012864798
720 -0.1133636 -0.08590285 -0.02746075
721 -0.12010435 -0.0828349 -0.03726945
722 -0.1266556 -0.07976694 -0.04688861
723 -0.133013 -0.07976694 -0.05324611
724 -0.1391728 -0.08130092 -0.0578719
725 -0.145131 -0.07976694 -0.06536404
726 -0.1508838 -0.08590285 -0.06498093
727 -0.1564276 -0.09664071 -0.05978687
728 -0.1617589 -0.12271836 -0.03904052
729 -0.1668743 -0.1564659 -0.010408387
730 -0.1717706 -0.1932814 0.0215108
731 -0.1764448 -0.2162911 0.03984636
732 -0.1808937 -0.225495 0.04460126
733 -0.1851147 -0.227029 0.04191423
734 -0.1891051 -0.227029 0.03792383
735 -0.1928624 -0.223961 0.03109862
736 -0.1963841 -0.2116892 0.015305057
737 -0.1996681 -0.1856115 -0.014056578
738 -0.2027123 -0.1840776 -0.01863474
739 -0.2055147 -0.1810096 -0.02450512
740 -0.2080736 -0.1779416 -0.03013201
741 -0.2103875 -0.1779416 -0.03244582
742 -0.2124546 -0.1794756 -0.03297903
743 -0.214274 -0.1794756 -0.03479836
744 -0.2158442 -0.1794756 -0.03636862
745 -0.2171645 -0.1810096 -0.03615487
746 -0.2182338 -0.1963494 -0.02188444
747 -0.2190517 -0.2101552 -0.00889644
748 -0.2196174 -0.2224271 0.002809629
749 -0.2199308 -0.2316309 0.011700153
750 -0.2199915 -0.2346989 0.014707401
751 -0.2197996 -0.2362329 0.01643328
752 -0.2193551 -0.2377668 0.01841174
753 -0.2186584 -0.2377668 0.01910845
754 -0.2177099 -0.2377668 0.02005698
755 -0.2165101 -0.2316309 0.015120789
756 -0.2150599 -0.223961 0.008901075
757 -0.2133602 -0.2208931 0.00753285
758 -0.211412 -0.2208931 0.009481058
759 -0.2092166 -0.2208931 0.01167649
760 -0.2067753 -0.2193591 0.012583777
761 -0.2040897 -0.2193591 0.015269369
762 -0.2011615 -0.2193591 0.01819757
763 -0.1979926 -0.2193591 0.02136652
764 -0.1945848 -0.2178251 0.02324027
765 -0.1909405 -0.2132232 0.02228265
766 -0.1870619 -0.2055533 0.01849139
767 -0.1829514 -0.1994173 0.01646593
768 -0.1786117 -0.1978834 0.0192717
769 -0.1740454 -0.1963494 0.02230398
770 -0.1692555 -0.1963494 0.02709387
771 -0.164245 -0.1932814 0.0290364
772 -0.1590171 -0.1840776 0.02506046
773 -0.153575 -0.1748737 0.02129866
774 -0.1479222 -0.1702717 0.02234951
775 -0.1420623 -0.1687378 0.02667545
776 -0.135999 -0.1656698 0.02967084
777 -0.129736 -0.1626018 0.03286581
778 -0.12327743 -0.153398 0.03012052
779 -0.11662728 -0.1441941 0.0275668
780 -0.10978977 -0.1380582 0.02826839
781 -0.1027692 -0.1334562 0.03068701
782 -0.09557003 -0.1273203 0.03175028
783 -0.08819679 -0.11658245 0.02838566
784 -0.08065415 -0.10431061 0.02365646
785 -0.07294686 -0.09510674 0.02215988
786 -0.0650798 -0.08743683 0.02235703
787 -0.05705794 -0.08590285 0.02884492
788 -0.04888634 -0.08130092 0.03241458
789 -0.04057016 -0.07363102 0.03306086
790 -0.03211466 -0.05368929 0.02157463
791 -0.02352518 -0.03681551 0.013290331
792 -0.01480714 -0.02607765 0.011270512
793 -0.005966052 -0.02454367 0.01857762
794 0.002992503 -0.02300969 0.0260022
795 0.012062863 -0.02147571 0.03353858
796 0.0212393 -0.02147571 0.04271502
797 0.03051602 -0.013805816 0.04432184
798 0.03988716 0.003067959 0.0368192
799 0.04934681 0.04141745 0.007929355
800 0.05888897 0.06442714 -0.005538166
801 0.06850764 0.08130092 -0.012793273
802 0.07819674 0.08590285 -0.007706121
803 0.08795013 0.0905048 -0.002554663
804 0.09776168 0.0905048 0.007256881
805 0.10762516 0.0905048 0.01712037
806 0.11753436 0.08897081 0.02856355
807 0.127483 0.08743683 0.04004619
808 0.1374649 0.07976694 0.05769792
809 0.1474736 0.08436888 0.06310467
810 0.1575028 0.0828349 0.07466789
811 0.1675462 0.09203877 0.07550747
812 0.1775976 0.1303883 0.04720931
813 0.1876504 0.1856115 0.002038866
814 0.1976984 0.2316309 -0.03393249
815 0.2077352 0.2684464 -0.06071118
816 0.2177546 0.2715144 -0.05375985
817 0.22775 0.2761163 -0.04836631
818 0.2377153 0.2761163 -0.03840101
819 0.2476442 0.2745823 -0.02693819
820 0.2575303 0.2623105 -0.004780263
821 0.2673674 0.2393008 0.02806658
822 0.2771494 0.223961 0.05318834
823 0.28687 0.2147572 0.0721128
824 0.296523 0.2208931 0.07562998
825 0.3061025 0.227029 0.07907355
826 0.3156024 0.228563 0.08703941
827 0.3250165 0.2577086 0.06730798
828 0.3343391 0.2899222 0.04441697
829 0.3435642 0.3236697 0.01989454
830 0.352686 0.374291 -0.02160502
831 0.3616987 0.4019027 -0.04020396
832 0.3705966 0.4049706 -0.03437397
833 0.3793742 0.4111065 -0.03173235
834 0.3880258 0.4111065 -0.02308074
835 0.396546 0.4111065 -0.01456055
836 0.4049294 0.4034366 0.001492769
837 0.4131708 0.3850289 0.02814189
